1 0.34656721317725947 0.4357307666689813 0.025 0.025 
1 0.4246694103207118 0.43211492420863623 0.025 0.025 
1 0.5418227060358903 0.3033909326203537 0.025 0.025 
1 0.6654845181796898 0.29182023674724966 0.025 0.025 
1 0.7399708728627972 0.34388836817621793 0.025 0.025 
1 0.693688089370381 0.39378699412897905 0.025 0.025 
1 0.6112468812745145 0.3453347051603559 0.025 0.025 
1 0.5772579621472714 0.3431651996841489 0.025 0.025 
1 0.5251898307183033 0.4024650160338071 0.025 0.025 
1 0.6090773757983076 0.46538067484381035 0.025 0.025 
1 0.6365577784969297 0.49792325698691553 0.025 0.025 
1 0.6777783825448629 0.49647692000277754 0.025 0.025 
1 0.742140378339004 0.5037086049234676 0.025 0.025 
1 0.712490470164175 0.48707572960588047 0.025 0.025 
1 0.6257102511158946 0.5673474322255398 0.025 0.025 
1 0.5960603429410656 0.5564999048445047 0.025 0.025 
1 0.5642409292900293 0.5398670295269177 0.025 0.025 
1 0.7103209646879679 0.623754574606922 0.025 0.025 
1 0.6900722469100359 0.5977205088924379 0.025 0.025 
1 0.5642409292900293 0.7517553977031356 0.025 0.025 
1 0.4369632746858848 0.6577434937341652 0.025 0.025 
1 0.4535961500034719 0.605675362305197 0.025 0.025 
1 0.4644436773845069 0.5861498130193339 0.025 0.025 
1 0.49047774309899106 0.5680706007176088 0.025 0.025 
1 0.44274862262243686 0.5073244473838125 0.025 0.025 
1 0.4586583294479549 0.48201355016139746 0.025 0.025 
1 0.4167145569079527 0.5304658391300207 0.025 0.025 
1 0.37115494190760556 0.5246804911934687 0.025 0.025 
1 0.3096856200817403 0.4682733488120864 0.025 0.025 
1 0.29016007079587725 0.5116634583362266 0.025 0.025 
1 0.27497353246242817 0.4892452350820875 0.025 0.025 
1 0.31547096801829233 0.35762856952552896 0.025 0.025 
1 0.3516293926217425 0.6678678526231313 0.025 0.025 
1 0.34729038166932846 0.6440032923848541 0.025 0.025 
1 0.18819331341414777 0.5355280185745037 0.025 0.025 
1 0.16866776412828471 0.5138329638124336 0.025 0.025 
