9 0.44145311342805593 0.2955958292611484 0.09 0.09 
9 0.5421409116580614 0.300520775913703 0.09 0.09 
9 0.5197050435742014 0.4345887681221343 0.09 0.09 
9 0.4091673520390867 0.4624967991532771 0.09 0.09 
9 0.4212061105231091 0.5500514063098038 0.09 0.09 
9 0.44801970896479537 0.6151701453824703 0.09 0.09 
9 0.4715500096381119 0.723518971738672 0.09 0.09 
9 0.34787912702951806 0.809979146305742 0.09 0.09 
9 0.34787912702951806 0.7563519494223695 0.09 0.09 
9 0.31395171675636413 0.6463614741819829 0.09 0.09 
9 0.32927377300875627 0.5478625411308906 0.09 0.09 
9 0.25649400580989357 0.4411553636588738 0.09 0.09 
9 0.3265376915351148 0.42911660517485145 0.09 0.09 
9 0.34350139667169177 0.3760366245862072 0.09 0.09 
9 0.39767580984979256 0.20585235692570863 0.09 0.09 
9 0.3161405819352773 0.18505813772603363 0.09 0.09 
9 0.659792415024644 0.44498587772197185 0.09 0.09 
9 0.742422075528616 0.40886960226990465 0.09 0.09 
9 0.7254583703920389 0.5380126478257813 0.09 0.09 
9 0.6690950920350249 0.5440320270677925 0.09 0.09 
9 0.6198456255094789 0.5516930551939886 0.09 0.09 
9 0.5777099708154003 0.6315866342243192 0.09 0.09 
9 0.5749738893417589 0.7333688650437812 0.09 0.09 
9 0.6783977690454059 0.7530686516539997 0.09 0.09 
9 0.7561024828968232 0.7169523762019324 0.09 0.09 
9 0.6357148980565992 0.6852138311076916 0.09 0.09 
9 0.5481602909000726 0.5451264596572492 0.09 0.09 
9 0.45020857414370863 0.3880753830702296 0.09 0.09 
9 0.7035697186029073 0.6321338505190475 0.09 0.09 
9 0.48687206589050414 0.23704368572522128 0.09 0.09 
9 0.5054774199112659 0.1675472162947283 0.09 0.09 
9 0.35170964109261615 0.2917653151980504 0.09 0.09 
9 0.5952208922467057 0.4657800969216469 0.09 0.09 
