8 0.25596529158426784 0.5743848494726107 0.055 0.055 
8 0.2801163941122873 0.5271326923525728 0.055 0.055 
8 0.3168680718723167 0.5785850412166139 0.055 0.055 
8 0.3578199413763494 0.5407833155205838 0.055 0.055 
8 0.41557257785639556 0.5260826444165719 0.055 0.055 
8 0.4040220505603863 0.5775349932806131 0.055 0.055 
8 0.4565244473604283 0.5817351850246165 0.055 0.055 
8 0.5762299120645241 0.7539430465287543 0.055 0.055 
8 0.531077850816488 0.7864945325447802 0.055 0.055 
8 0.531077850816488 0.7224416084487291 0.055 0.055 
8 0.39142147532837623 0.46622991206452413 0.055 0.055 
8 0.4439238721284182 0.45257928889651317 0.055 0.055 
8 0.49432617305645865 0.47463029555253083 0.055 0.055 
8 0.531077850816488 0.5113819733125603 0.055 0.055 
8 0.5741298161925225 0.552333842816593 0.055 0.055 
8 0.517427227648477 0.5659844659846038 0.055 0.055 
8 0.557329049216509 0.6016860958086324 0.055 0.055 
8 0.6255821650565635 0.5460335552005879 0.055 0.055 
8 0.6780845618566056 0.5764849453446123 0.055 0.055 
8 0.6822847536006089 0.5250325964805711 0.055 0.055 
8 0.648683219648582 0.4725301996805291 0.055 0.055 
8 0.59618082284854 0.499831446016551 0.055 0.055 
8 0.5489286657285022 0.459929624448519 0.055 0.055 
8 0.6003810145925434 0.4389286657285022 0.055 0.055 
8 0.6717842742406005 0.42002780288048713 0.055 0.055 
8 0.6171817815685569 0.38852636480046193 0.055 0.055 
8 0.5825301996805291 0.3465244473604283 0.055 0.055 
8 0.5289777549444863 0.3286736324484141 0.055 0.055 
8 0.5405282822404955 0.38747631686446105 0.055 0.055 
8 0.4701750705284393 0.38222607718445695 0.055 0.055 
8 0.4208228175363997 0.4000768920964712 0.055 0.055 
8 0.37252061248036106 0.3769758375044527 0.055 0.055 
8 0.3777708521603653 0.3108228175363998 0.055 0.055 
8 0.43132329689640825 0.3402241597444233 0.055 0.055 
8 0.47437526227244264 0.5292327882245745 0.055 0.055 
