8 0.6476923951624389 0.2257469764300098 0.055 0.055 
8 0.5963474322255398 0.2300859873824238 0.055 0.055 
8 0.5703133665110557 0.277091939366909 0.055 0.055 
8 0.623104666432093 0.275645602382771 0.055 0.055 
8 0.6831276512738202 0.26624441198587395 0.055 0.055 
8 0.66143259651175 0.3161430379386352 0.055 0.055 
8 0.6050254541303679 0.33277591325622224 0.055 0.055 
8 0.7858175771476187 0.35374779952622326 0.055 0.055 
8 0.7380884566710644 0.38050503373277644 0.055 0.055 
8 0.6809581457976132 0.40147692000277757 0.055 0.055 
8 0.6267205088924379 0.43257316516174465 0.055 0.055 
8 0.5970706007176089 0.4701779267493328 0.055 0.055 
8 0.5797145569079528 0.5244155636545081 0.055 0.055 
8 0.5529573227013995 0.5887775594486493 0.055 0.055 
8 0.5399402898441577 0.6437383648458935 0.055 0.055 
8 0.5016123597645004 0.6791736209572747 0.055 0.055 
8 0.5536804911934687 0.6950833277827927 0.055 0.055 
8 0.6050254541303679 0.7124393715924489 0.055 0.055 
8 0.5862230733365739 0.6589249031793426 0.055 0.055 
8 0.6057486226224369 0.5699751786548553 0.055 0.055 
8 0.6476923951624389 0.5215228896862321 0.055 0.055 
8 0.6672179444483021 0.45716089389209075 0.055 0.055 
8 0.7366421196869264 0.44269752405071067 0.055 0.055 
8 0.7814785661952046 0.40798543643139856 0.055 0.055 
8 0.7561676689727894 0.49765832944795496 0.055 0.055 
8 0.8161906538145167 0.5027205088924379 0.055 0.055 
8 0.7807553977031356 0.5381557650038191 0.055 0.055 
8 0.7771395552427907 0.5923934019089943 0.055 0.055 
8 0.8234223387352068 0.5757605265914073 0.055 0.055 
8 0.6672179444483021 0.6083031087345124 0.055 0.055 
8 0.6997605265914073 0.6516932182586526 0.055 0.055 
8 0.4857026529389823 0.7970500851645222 0.055 0.055 
8 0.21740714238138226 0.3139735324624282 0.055 0.055 
8 0.2586277464293154 0.38122820222484544 0.055 0.055 
8 0.29984835047724856 0.3219283858751872 0.055 0.055 
8 0.31503488881069774 0.37471968579622444 0.055 0.055 
8 0.3692725257158729 0.39135256111381145 0.055 0.055 
8 0.30129468746138666 0.42751098571726165 0.055 0.055 
8 0.36131767230311373 0.45282188293967673 0.055 0.055 
8 0.30997270936621457 0.4831949596065749 0.055 0.055 
8 0.36348717777932094 0.5019973404003689 0.055 0.055 
8 0.3280519216679397 0.5518959663531301 0.055 0.055 
8 0.2853849806358685 0.5721446841310622 0.055 0.055 
8 0.2369326916672453 0.517907047225887 0.055 0.055 
8 0.2014974355558642 0.5540654718293372 0.055 0.055 
8 0.1776328753175871 0.6025177607979604 0.055 0.055 
8 0.19571208761931214 0.6589249031793426 0.055 0.055 
8 0.22970100674655525 0.5952860758772703 0.055 0.055 
8 0.2485033875403494 0.6422920278617555 0.055 0.055 
8 0.27670695873104045 0.7015918442114137 0.055 0.055 
8 0.3092495408741456 0.6589249031793426 0.055 0.055 
8 0.3396226175410437 0.6075799402424434 0.055 0.055 
8 0.3887980750017359 0.6321676689727894 0.055 0.055 
8 0.3671030202396659 0.6842358004017577 0.055 0.055 
8 0.44158937492277317 0.6784504524652056 0.055 0.055 
8 0.4618380927007052 0.6278286580203755 0.055 0.055 
8 0.5073977077010524 0.5815458745279594 0.055 0.055 
8 0.4480978913513942 0.5670825046865793 0.055 0.055 
8 0.40832362428759905 0.4860876335748509 0.055 0.055 
8 0.41049312976380603 0.4195561323045026 0.055 0.055 
8 0.41844798317656506 0.3718270118279484 0.055 0.055 
8 0.4878721584151894 0.3486856200817403 0.055 0.055 
8 0.5421097953203646 0.37255018032001735 0.055 0.055 
8 0.5073977077010524 0.40726226793932957 0.055 0.055 
8 0.4589454187324292 0.4513755459555387 0.055 0.055 
8 0.4741319570658783 0.516460710241749 0.055 0.055 
8 0.5298159309551915 0.4665620842889878 0.055 0.055 
8 0.5659743555586417 0.43184999666967566 0.055 0.055 
8 0.5204147405582945 0.5453874499245092 0.055 0.055 
