9 0.8394220555803569 0.45915926300610993 0.09 0.09 
9 0.7339817474360589 0.4791698324349548 0.09 0.09 
9 0.8655897232950001 0.5476675508644621 0.09 0.09 
9 0.7162800898643885 0.6046207100080975 0.09 0.09 
9 0.7732332490080239 0.6561864081516592 0.09 0.09 
9 0.7701546998651247 0.7169877537239185 0.09 0.09 
9 0.7732332490080239 0.8062656788679956 0.09 0.09 
9 0.663944754435102 0.8501350041543093 0.09 0.09 
9 0.5023209244328936 0.8586010142972822 0.09 0.09 
9 0.5654311818623273 0.5569031982931598 0.09 0.09 
9 0.4284357450033126 0.6692702420089809 0.09 0.09 
9 0.41920009757461496 0.7262234011526163 0.09 0.09 
9 0.37840932143120043 0.7977996687250228 0.09 0.09 
9 0.3245347114304643 0.7169877537239185 0.09 0.09 
9 0.26912082685827865 0.7639356281531314 0.09 0.09 
9 0.25295844385805777 0.680814801294853 0.09 0.09 
9 0.33684890800206113 0.6692702420089809 0.09 0.09 
9 0.41458227386026625 0.5761441304362799 0.09 0.09 
9 0.4861585414326727 0.5899976015793262 0.09 0.09 
9 0.46922652114672714 0.47532164600633076 0.09 0.09 
9 0.5723579174338507 0.45915926300610993 0.09 0.09 
9 0.6477823714348812 0.4068239275768234 0.09 0.09 
9 0.5831328394339977 0.35448859214753686 0.09 0.09 
9 0.6562483815778539 0.5276569814356173 0.09 0.09 
9 0.6416252731490828 0.6169349065796944 0.09 0.09 
9 0.5662008191480522 0.6477203980086864 0.09 0.09 
9 0.5715882801481257 0.8031871297250964 0.09 0.09 
9 0.5077083854329671 0.7577785298673331 0.09 0.09 
9 0.34993274185938283 0.3414047582902152 0.09 0.09 
9 0.2991366810015459 0.32062455157564557 0.09 0.09 
9 0.3714825858596773 0.27521595171788227 0.09 0.09 
9 0.24295315914363536 0.06510497271501137 0.09 0.09 
9 0.22909968800058889 0.15438289785908832 0.09 0.09 
9 0.24295315914363536 0.5615210220075085 0.09 0.09 
9 0.26142445400103065 0.48532693072075317 0.09 0.09 
9 0.2775868370012514 0.2936872465752775 0.09 0.09 
9 0.6000648597199435 0.08126735571523214 0.09 0.09 
9 0.41150372471736696 0.08434590485813137 0.09 0.09 
9 0.6069915952914666 0.1705452808593092 0.09 0.09 
9 0.7786207100080975 0.5515157372930862 0.09 0.09 
9 0.6954998831498189 0.7608570790102323 0.09 0.09 
9 0.30991160300169307 0.13360269114451873 0.09 0.09 
9 0.3691736740025029 0.2059485960026501 0.09 0.09 
9 0.5053994735757928 0.15130434871618914 0.09 0.09 
9 0.3714825858596773 0.42452558514849387 0.09 0.09 
9 0.31068124028741795 0.4568503511489355 0.09 0.09 
9 0.5231011311474634 0.6985164588665232 0.09 0.09 
