1 0.6082297997530652 0.5594303384455388 0.025 0.025 
1 0.6122536478787663 0.5181858951571012 0.025 0.025 
1 0.6182894200673182 0.48700107218291666 0.025 0.025 
1 0.5443512107575582 0.5086292558585608 0.025 0.025 
1 0.5337886094275924 0.5528915852412744 0.025 0.025 
1 0.498076957311994 0.4261403692816855 0.025 0.025 
1 0.508136577626247 0.4578281732715827 0.025 0.025 
1 0.46035338113354485 0.4729176037429623 0.025 0.025 
1 0.4769517546520625 0.448774514988755 0.025 0.025 
1 0.3999956592480265 0.4925338633557559 0.025 0.025 
1 0.3808823806509456 0.5181858951571012 0.025 0.025 
1 0.36378102611671537 0.5669750536812287 0.025 0.025 
