8 0.2869105299217316 0.36418305563760445 0.055 0.055 
8 0.2847410244455246 0.42348287198726275 0.055 0.055 
8 0.32813113396966487 0.45891812809864385 0.055 0.055 
8 0.33174697643000983 0.3981719747648476 0.055 0.055 
8 0.380922433890702 0.3800927624631225 0.055 0.055 
8 0.37802975992242605 0.4321608938920908 0.055 0.055 
8 0.37875292841449504 0.49073754174968004 0.055 0.055 
8 0.383091939366909 0.5565458745279593 0.055 0.055 
8 0.37802975992242605 0.6180151963538245 0.055 0.055 
8 0.33030063944587174 0.5934274676234784 0.055 0.055 
8 0.33825549285863077 0.5283423033372682 0.055 0.055 
8 0.2760630025406965 0.5471446841310622 0.055 0.055 
8 0.2543679477786265 0.5963201415917545 0.055 0.055 
8 0.4402222502403602 0.6042749950045134 0.055 0.055 
8 0.42214303793863517 0.5232801238927851 0.055 0.055 
8 0.4293747228593252 0.46036446508278184 0.055 0.055 
8 0.43588323928794614 0.3873244473838126 0.055 0.055 
8 0.4402222502403603 0.33959532690725835 0.055 0.055 
8 0.48216602278036247 0.36418305563760445 0.055 0.055 
8 0.46987215841518937 0.4393925788127808 0.055 0.055 
8 0.47348800087553444 0.493630215717956 0.055 0.055 
8 0.4742111693676033 0.5456983471469242 0.055 0.055 
8 0.5183244473838127 0.5645007279407184 0.055 0.055 
8 0.5364036596855376 0.5146021019879571 0.055 0.055 
8 0.5197707843679505 0.44951693770174683 0.055 0.055 
8 0.5848559486541608 0.4176975240507107 0.055 0.055 
8 0.5761779267493328 0.4661498130193339 0.055 0.055 
8 0.5899181280986439 0.518217944448302 0.055 0.055 
8 0.5928108020669199 0.5666702334169252 0.055 0.055 
8 0.622460710241749 0.6151225223855485 0.055 0.055 
8 0.6600654718293372 0.6527272839731366 0.055 0.055 
8 0.6766983471469242 0.6021054895283066 0.055 0.055 
8 0.6441557650038192 0.5522068635755453 0.055 0.055 
8 0.6390935855593362 0.498692395162439 0.055 0.055 
8 0.6253533842100251 0.4473474322255398 0.055 0.055 
8 0.7012860758772704 0.4393925788127808 0.055 0.055 
8 0.7012860758772704 0.487844867781404 0.055 0.055 
8 0.7034555813534773 0.5550995375438212 0.055 0.055 
8 0.7352749950045134 0.6093371744489965 0.055 0.055 
8 0.7540773757983076 0.5428056731786483 0.055 0.055 
8 0.7569700497665836 0.482059519844852 0.055 0.055 
