2 0.7520883967366727 0.38182473497643343 0.15 0.15 
2 0.6313328840965762 0.22431754457630737 0.15 0.15 
2 0.5819806311045367 0.1424138055682419 0.15 0.15 
2 0.47802588544045355 0.21486711315229984 0.15 0.15 
2 0.264866154432283 0.5477323088645661 0.15 0.15 
2 0.19031275097622347 0.5981346097926064 0.15 0.15 
2 0.31316835948832167 0.6327861916806341 0.15 0.15 
2 0.4139729613444023 0.6611374859526568 0.15 0.15 
2 0.5168776590724847 0.6758381570566686 0.15 0.15 
2 0.6365831237765803 0.6485369107206467 0.15 0.15 
2 0.7363376776966601 0.6222857123206258 0.15 0.15 
2 0.559929624448519 0.5907842742406005 0.15 0.15 
2 0.4370740159364208 0.5655831237765804 0.15 0.15 
