0 0.08785560851209828 0.3377698934403486 0.08 0.08 
0 0.055304122496072194 0.4679758375044527 0.08 0.08 
0 0.155058676416152 0.5278285698565006 0.08 0.08 
0 0.23171217574421332 0.4889767962244695 0.08 0.08 
0 0.19286040211218225 0.41547344070441067 0.08 0.08 
0 0.25271313446423016 0.3451202289923545 0.08 0.08 
0 0.31151581888027713 0.27161687347229563 0.08 0.08 
0 0.3608680718723166 0.19706347001623603 0.08 0.08 
0 0.398669797568347 0.2842174487043057 0.08 0.08 
0 0.35771792806431413 0.3566707562883637 0.08 0.08 
0 0.30206538745626954 0.4196736324484141 0.08 0.08 
0 0.31886615443228306 0.4963271317764754 0.08 0.08 
0 0.2999652915842679 0.6023819733125603 0.08 0.08 
0 0.39446960582434354 0.5530297203205207 0.08 0.08 
0 0.4123204207363578 0.4490749746564376 0.08 0.08 
0 0.45117219436838896 0.354570660416362 0.08 0.08 
0 0.5698276111364838 0.31571888678433097 0.08 0.08 
0 0.5141750705284392 0.4039229134084015 0.08 0.08 
0 0.4721731530884057 0.5351789054085064 0.08 0.08 
0 0.4165206124803611 0.6370335552005879 0.08 0.08 
0 0.4690230092804031 0.7105369107206467 0.08 0.08 
0 0.5530268441604703 0.6811355685126232 0.08 0.08 
0 0.5320258854404535 0.597131733632556 0.08 0.08 
0 0.6086793847685149 0.5656302955525309 0.08 0.08 
0 0.6643319253765594 0.6286331717125812 0.08 0.08 
0 0.5624772755844779 0.4868767003524679 0.08 0.08 
0 0.6065792888965131 0.4102232010244065 0.08 0.08 
0 0.6811326923525728 0.3251693182083385 0.08 0.08 
0 0.7042337469445913 0.413373344832409 0.08 0.08 
0 0.6517313501445493 0.48477660448046617 0.08 0.08 
0 0.7493858081926275 0.48372655654446534 0.08 0.08 
0 0.8302394992646921 0.4648256936964502 0.08 0.08 
0 0.9089930944647551 0.5477794806405165 0.08 0.08 
0 0.8102885884806761 0.5477794806405165 0.08 0.08 
0 0.7283848494726106 0.5750807269765383 0.08 0.08 
0 0.7945378694406635 0.6412337469445913 0.08 0.08 
