8 0.36752486357505665 0.5353375001495981 0.055 0.055 
8 0.42216911086151754 0.551499883149819 0.055 0.055 
8 0.46834734800500566 0.5853639237217102 0.055 0.055 
8 0.5229915952914667 0.5969084830075821 0.055 0.055 
8 0.5753269307207531 0.550730245864094 0.055 0.055 
8 0.6368979135787373 0.5291804018637997 0.055 0.055 
8 0.5891804018637997 0.4937770867204587 0.055 0.055 
8 0.5368450664345131 0.49069853757755955 0.055 0.055 
8 0.513755947862769 0.5407249611496717 0.055 0.055 
8 0.4652687988621065 0.5122483815778539 0.055 0.055 
8 0.40677636514702153 0.4937770867204587 0.055 0.055 
8 0.3921532567182504 0.4414417512911722 0.055 0.055 
8 0.44525822943326165 0.446059575005521 0.055 0.055 
8 0.4929757411481994 0.46299159529146666 0.055 0.055 
8 0.5029810258626218 0.41296517171935454 0.055 0.055 
8 0.5537770867204588 0.4360542902910986 0.055 0.055 
8 0.6122695204355436 0.42835791743385054 0.055 0.055 
