9 0.4843579174338506 0.2429341850062572 0.09 0.09 
9 0.56440019514923 0.22600216472031154 0.09 0.09 
9 0.7468042318660081 0.24832164600633078 0.09 0.09 
9 0.8083752147239921 0.3468352185791054 0.09 0.09 
9 0.8591712755818292 0.4261078590087599 0.09 0.09 
9 0.685233249008024 0.422259672580136 0.09 0.09 
9 0.4212476600044168 0.5138465095813874 0.09 0.09 
9 0.3719908737180295 0.3699243371508495 0.09 0.09 
9 0.4705044462908041 0.33836920843613255 0.09 0.09 
9 0.579792940863726 0.31143190343576455 0.09 0.09 
9 0.24423108428771234 0.40224910315129114 0.09 0.09 
9 0.16957626757240662 0.4699771842950737 0.09 0.09 
9 0.11954984400029445 0.5138465095813874 0.09 0.09 
9 0.2919485960026501 0.47690391986659697 0.09 0.09 
9 0.3150377145743941 0.40455801500846555 0.09 0.09 
9 0.15033533542928657 0.38762599472252 0.09 0.09 
9 0.3512106670034598 0.46228081143782573 0.09 0.09 
9 0.645981747436059 0.6123600821541622 0.09 0.09 
9 0.622892628864315 0.6723917904406967 0.09 0.09 
9 0.5590127341491563 0.6169779058685109 0.09 0.09 
9 0.5289968800058891 0.5484801874390035 0.09 0.09 
9 0.5867196764352494 0.4676682724378993 0.09 0.09 
9 0.8676372857248019 0.6908630852980918 0.09 0.09 
9 0.8668676484390772 0.5023019502955154 0.09 0.09 
9 0.5320754291487884 0.8209317865855835 0.09 0.09 
9 0.44895460229050965 0.7516644308703512 0.09 0.09 
9 0.48743646657674977 0.651611583726127 0.09 0.09 
9 0.6829243371508495 0.3445263067219311 0.09 0.09 
9 0.10184818642862403 0.26679294086372607 0.09 0.09 
9 0.15803170828653457 0.24370382229198195 0.09 0.09 
9 0.18266010142972822 0.3075837170071406 0.09 0.09 
9 0.37353014828947917 0.24447345957770678 0.09 0.09 
9 0.8545534518674803 0.8047694035853626 0.09 0.09 
9 0.7444953200088337 0.8324763458714554 0.09 0.09 
9 0.649829933864683 0.7616697155847737 0.09 0.09 
9 0.5767143917208268 0.7986123052995642 0.09 0.09 
9 0.634437188150187 0.546940912867554 0.09 0.09 
9 0.40739418886137035 0.6493026718689525 0.09 0.09 
9 0.3666034127179558 0.8086175900139866 0.09 0.09 
