10 0.06285464979208144 0.1153156271362738 0.08 0.08 
10 0.3201163941122873 0.32322511846444013 0.08 0.08 
10 0.5626774673284812 0.2539219546883847 0.08 0.08 
10 0.5689777549444862 0.3284753581444443 0.08 0.08 
10 0.63618082284854 0.2906736324484141 0.08 0.08 
10 0.7506360478726316 0.1415668255362948 0.08 0.08 
10 0.7978882049926694 0.21402013312035273 0.08 0.08 
10 0.7926379653126652 0.2917236803844149 0.08 0.08 
10 0.8755917522567315 0.2654724819843939 0.08 0.08 
10 0.9049930944647551 0.19721936614433933 0.08 0.08 
10 0.9501451557127911 0.3022241597444233 0.08 0.08 
10 0.8451403621127072 0.6833915605127282 0.08 0.08 
10 0.8514406497287123 0.8734502369288802 0.08 0.08 
10 0.7779372942086535 0.9186022981769163 0.08 0.08 
10 0.4156707562883637 0.8892009559688929 0.08 0.08 
10 0.1804600186241755 0.9585041197449482 0.08 0.08 
10 0.11535704659212342 0.9112519626249105 0.08 0.08 
10 0.177309874816173 0.8545493740808652 0.08 0.08 
10 0.2403127509762234 0.7537447722247844 0.08 0.08 
10 0.31171601062428045 0.7201432382727576 0.08 0.08 
10 0.37051869504032753 0.6634406497287123 0.08 0.08 
10 0.44717219436838884 0.6214387322886787 0.08 0.08 
10 0.203561073216194 0.539534993280613 0.08 0.08 
10 0.12690757388813267 0.5111836990085904 0.08 0.08 
10 0.37471888678433096 0.41247919302451147 0.08 0.08 
10 0.23611255923222008 0.9018015312009029 0.08 0.08 
10 0.8052385405446753 0.7978467855368196 0.08 0.08 
