9 0.2637862130024292 0.21923108428771237 0.09 0.09 
9 0.2637862130024292 0.3154357450033126 0.09 0.09 
9 0.22453471143046433 0.46089719200530016 0.09 0.09 
9 0.28841460614562286 0.42703315143340886 0.09 0.09 
9 0.23069180971626269 0.5347823714348812 0.09 0.09 
9 0.19836704371582103 0.6109764627216366 0.09 0.09 
9 0.24223636900213474 0.6840920048654927 0.09 0.09 
9 0.1891313962871235 0.7379666148662288 0.09 0.09 
9 0.334592843289111 0.5101539782916875 0.09 0.09 
9 0.36460869743237834 0.30543046028889015 0.09 0.09 
9 0.32535719586041345 0.21538289785908837 0.09 0.09 
9 0.4023209244328936 0.2453987520023556 0.09 0.09 
9 0.48621138857689705 0.255404036716778 0.09 0.09 
9 0.5323896257203851 0.2931162637172933 0.09 0.09 
9 0.4569651717193546 0.3146661077175878 0.09 0.09 
9 0.4492687988621066 0.4339598870049321 0.09 0.09 
9 0.44926879886210647 0.5032272427201643 0.09 0.09 
9 0.3761532567182504 0.37777636514702156 0.09 0.09 
9 0.46235263271942817 0.12456569814356172 0.09 0.09 
9 0.5493216460063307 0.16612611157270107 0.09 0.09 
9 0.723259672580136 0.09685875585746884 0.09 0.09 
9 0.7763646452951474 0.20075978943031714 0.09 0.09 
9 0.7024794658655663 0.25386476214532844 0.09 0.09 
9 0.6670761507222255 0.16843502342987549 0.09 0.09 
9 0.6162800898643885 0.15458155228682902 0.09 0.09 
9 0.6270550118645358 0.4709024767197226 0.09 0.09 
9 0.5362378121490092 0.4354991615763817 0.09 0.09 
9 0.5008344970056683 0.3908601990043432 0.09 0.09 
9 0.5785678628638732 0.6525368761507758 0.09 0.09 
9 0.4954470360055946 0.6610028862937487 0.09 0.09 
9 0.5085308698629163 0.5748035102925709 0.09 0.09 
9 0.5531698324349548 0.7233435064374577 0.09 0.09 
9 0.5585572934350285 0.808003607867186 0.09 0.09 
9 0.5270021647203115 0.8526425704392244 0.09 0.09 
9 0.5031434088628427 0.88881552286829 0.09 0.09 
9 0.4985255851484939 0.7779877537239186 0.09 0.09 
9 0.45696517171935447 0.780296665581093 0.09 0.09 
9 0.8148465095813874 0.9134439160114837 0.09 0.09 
9 0.6563012287220782 0.808003607867186 0.09 0.09 
9 0.7717468215807985 0.7472022622949265 0.09 0.09 
9 0.6486048558648303 0.6925580150084655 0.09 0.09 
9 0.42617968029036246 0.7010240251514385 0.09 0.09 
9 0.6047355305785166 0.24616838928808044 0.09 0.09 
9 0.6232068254359118 0.3192839314319366 0.09 0.09 
