1 0.48152628004487885 0.4259495842760757 0.025 0.025 
1 0.5162319701290519 0.4214227551346618 0.025 0.025 
1 0.48907099528056863 0.454619502171697 0.025 0.025 
1 0.5237766853647418 0.4505956540459957 0.025 0.025 
1 0.5348422677104202 0.4772536478787664 0.025 0.025 
1 0.5026514827048103 0.47876259092590434 0.025 0.025 
1 0.48001733699774085 0.4973728885072725 0.025 0.025 
1 0.5122081220033506 0.5034086606958244 0.025 0.025 
1 0.5388661158361213 0.5205100152300547 0.025 0.025 
1 0.5328303436475695 0.5481739710942507 0.025 0.025 
1 0.5046634067676609 0.5652753256284809 0.025 0.025 
1 0.5081842738776495 0.5335875216385837 0.025 0.025 
1 0.4664368495734992 0.5220189582771926 0.025 0.025 
1 0.4468205899607057 0.5466650280471126 0.025 0.025 
1 0.4749875268406143 0.556221667345653 0.025 0.025 
