6 0.4613831912906715 0.32446883010661254 0.03 0.03 
6 0.6791739710942506 0.3365403744837162 0.03 0.03 
6 0.5182200460662013 0.3868384760549816 0.03 0.03 
6 0.5096693687990862 0.42305310918629274 0.03 0.03 
6 0.4654070394163726 0.4079636787149131 0.03 0.03 
6 0.44025798863074006 0.38532953300784367 0.03 0.03 
6 0.4276834632379236 0.42104118512344213 0.03 0.03 
6 0.4151089378451073 0.45876476130189114 0.03 0.03 
6 0.4236596151122223 0.49799728052747816 0.03 0.03 
6 0.4030373934680036 0.5286791224859501 0.03 0.03 
6 0.45082058996070573 0.4401544637205229 0.03 0.03 
6 0.4382460645678894 0.5412536478787664 0.03 0.03 
6 0.41661788089224516 0.5679116417115371 0.03 0.03 
6 0.44780270386642973 0.5885338633557559 0.03 0.03 
6 0.4789875268406143 0.6026173317957102 0.03 0.03 
6 0.5121842738776495 0.6026173317957102 0.03 0.03 
6 0.5398482297418454 0.6036232938271355 0.03 0.03 
6 0.5720390147474553 0.6207246483613658 0.03 0.03 
6 0.5760628628731566 0.5699235657743877 0.03 0.03 
6 0.6007089326430767 0.5407506668630537 0.03 0.03 
6 0.6142894200673182 0.5090628628731565 0.03 0.03 
6 0.5785777679517198 0.5115777679517198 0.03 0.03 
6 0.5483989070089605 0.4919615083389263 0.03 0.03 
6 0.5428661158361213 0.5472894200673183 0.03 0.03 
6 0.54638698294611 0.5211344072502602 0.03 0.03 
6 0.5162081220033506 0.5161045970931336 0.03 0.03 
6 0.5121842738776495 0.5467864390516056 0.03 0.03 
6 0.5031306155948218 0.5714325088215256 0.03 0.03 
6 0.5328064955218683 0.5744503949158015 0.03 0.03 
6 0.47999348887203963 0.5321999895959386 0.03 0.03 
6 0.4553474191021196 0.5186195021716969 0.03 0.03 
6 0.45082058996070573 0.47888400193039726 0.03 0.03 
6 0.4689279065263613 0.4703333246632822 0.03 0.03 
6 0.49860378645340786 0.49598535646462755 0.03 0.03 
6 0.4835143559820282 0.43462167254768375 0.03 0.03 
6 0.5051425396576723 0.4617826473961671 0.03 0.03 
