9 0.09800958720016795 0.6263723861123922 0.09 0.09 
9 0.1788632782722327 0.556019174400336 0.09 0.09 
9 0.21771505190426366 0.4541645246082545 0.09 0.09 
9 0.19461399731224527 0.34915973100817055 0.09 0.09 
9 0.15471217574421336 0.24940517708809073 0.09 0.09 
9 0.11901054592018478 0.1759018215680319 0.09 0.09 
9 0.25761687347229567 0.26620594406410425 0.09 0.09 
9 0.40672368038441487 0.6221721943683889 0.09 0.09 
9 0.4014734407044106 0.726126940032472 0.09 0.09 
9 0.4896774673284813 0.7597284739844989 0.09 0.09 
9 0.4812770838404745 0.6715244473604284 0.09 0.09 
9 0.5757813980805502 0.6557737283204158 0.09 0.09 
9 0.5526803434885317 0.5875206124803611 0.09 0.09 
9 0.5117284739844989 0.4909162023682839 0.09 0.09 
9 0.6072828361605753 0.5024667296642931 0.09 0.09 
9 0.7059873421446542 0.5087670172802982 0.09 0.09 
9 0.8655946284167819 0.46676509984026454 0.09 0.09 
9 0.6261836990085905 0.5843704686723585 0.09 0.09 
9 0.6786860958086325 0.6620740159364208 0.09 0.09 
9 0.7143877256326611 0.7502780425604914 0.09 0.09 
9 0.773190410048708 0.8363819733125603 0.09 0.09 
9 0.8183424712967442 0.7607785219204998 0.09 0.09 
9 0.7826408414727156 0.6746745911684309 0.09 0.09 
9 0.9159969293448224 0.831131733632556 0.09 0.09 
9 0.7416889719686829 0.5875206124803611 0.09 0.09 
9 0.29961879091232924 0.3670105459201848 0.09 0.09 
9 0.8970960664968071 0.30925790944013853 0.09 0.09 
9 0.9359478401288381 0.2021530199680529 0.09 0.09 
9 0.9506485112328501 0.39221169638420483 0.09 0.09 
9 0.20826462048025618 0.1591010545920185 0.09 0.09 
9 0.30276893472033173 0.1654013422080235 0.09 0.09 
