8 0.3659681677443183 0.45697871366450304 0.055 0.055 
8 0.4132203248643562 0.4412279946244905 0.055 0.055 
8 0.4583723861123923 0.4097265565444653 0.055 0.055 
8 0.45417219436838896 0.3435735365764124 0.055 0.055 
8 0.4037698934403485 0.3698247349764334 0.055 0.055 
8 0.5035244473604283 0.3666745911684309 0.055 0.055 
8 0.5308256936964503 0.4139267482884686 0.055 0.055 
8 0.5843781384324931 0.39712598131245525 0.055 0.055 
8 0.6200797682565216 0.4443781384324931 0.055 0.055 
8 0.656831446016551 0.4926803434885317 0.055 0.055 
8 0.6820325964805711 0.4401779466884897 0.055 0.055 
8 0.6232299120645242 0.5399325006085693 0.055 0.055 
8 0.6704820691845619 0.5850845618566055 0.055 0.055 
8 0.6158795765125182 0.6207861916806341 0.055 0.055 
8 0.5759777549444862 0.5777342263045997 0.055 0.055 
8 0.5486765086084645 0.5283819733125603 0.055 0.055 
8 0.5392260771844569 0.4695792888965132 0.055 0.055 
8 0.5014243514884267 0.5084310625285442 0.055 0.055 
8 0.49092387212841826 0.4527785219204998 0.055 0.055 
8 0.4426216670723797 0.4853300079365258 0.055 0.055 
8 0.38066883884833014 0.5000306790405376 0.055 0.055 
8 0.39536950995234177 0.555683219648582 0.055 0.055 
8 0.44682185881638303 0.5399325006085693 0.055 0.055 
8 0.4468218588163829 0.5955850412166139 0.055 0.055 
8 0.49722415974442336 0.561983507264587 0.055 0.055 
8 0.3638680718723166 0.5976851370886156 0.055 0.055 
8 0.406920037248351 0.6291865751686408 0.055 0.055 
8 0.39536950995234177 0.6848391157766854 0.055 0.055 
