1 0.42806124159370484 0.5191485016890977 0.025 0.025 
1 0.4446596151122224 0.4899756027777637 0.025 0.025 
1 0.5180948434062699 0.4426953873007742 0.025 0.025 
1 0.5090411851234421 0.48595175465206253 0.025 0.025 
1 0.5216157105162584 0.5191485016890977 0.025 0.025 
1 0.5965598818574439 0.5221663877833735 0.025 0.025 
1 0.575937660213225 0.4834368495734992 0.025 0.025 
1 0.5422379321604772 0.3974270958866354 0.025 0.025 
1 0.5839853564646276 0.36724823494387615 0.025 0.025 
1 0.286723576178449 0.7827105539225283 0.025 0.025 
