1 0.46196367871491306 0.4880428064028939 0.025 0.025 
1 0.48862167254768385 0.4669176037429623 0.025 0.025 
1 0.5328840019303973 0.4729533759315142 0.025 0.025 
1 0.5374108310718111 0.44076259092590436 0.025 0.025 
1 0.608834135303008 0.38593766021322506 0.025 0.025 
1 0.5731224831874097 0.3054606976992004 0.025 0.025 
1 0.6701978192199518 0.3738661158361214 0.025 0.025 
1 0.6289533759315142 0.48251001523005466 0.025 0.025 
1 0.559541995763168 0.5277783066441935 0.025 0.025 
1 0.5288601538046961 0.5262693635970556 0.025 0.025 
1 0.5067289891133393 0.5484005282884122 0.025 0.025 
1 0.26479512055555277 0.6494997124466557 0.025 0.025 
1 0.2381371267227821 0.6268655667395864 0.025 0.025 
1 0.40512682393938315 0.710360415347887 0.025 0.025 
