9 0.3083254875738789 0.11557698914584374 0.09 0.09 
9 0.2621472504303908 0.19407999228977357 0.09 0.09 
9 0.21289046414400348 0.26950444629080417 0.09 0.09 
9 0.2252046607156002 0.39033750014959806 0.09 0.09 
9 0.32525750785982455 0.40957843229271806 0.09 0.09 
9 0.28292745714496037 0.3095255851484939 0.09 0.09 
9 0.48072423957623456 0.4265104525786637 0.09 0.09 
9 0.4891902497192073 0.3310754291487883 0.09 0.09 
9 0.40068196186085514 0.2594991615763817 0.09 0.09 
9 0.3629697348603399 0.16483377543223104 0.09 0.09 
9 0.3937552262893319 0.07247730114525486 0.09 0.09 
9 0.4995803530764922 0.12673672978885342 0.09 0.09 
9 0.5599968800058891 0.2510331514334089 0.09 0.09 
9 0.6131018527209005 0.34108071386321076 0.09 0.09 
9 0.665437188150187 0.33261470372023794 0.09 0.09 
9 0.7216207100080975 0.3210701444343659 0.09 0.09 
9 0.7577936624371632 0.4865421608651983 0.09 0.09 
9 0.8455323130097906 0.4265104525786637 0.09 0.09 
9 0.8262913808666705 0.573511174152101 0.09 0.09 
9 0.7447098285798416 0.5858253707236977 0.09 0.09 
9 0.855537597724213 0.6550927264389299 0.09 0.09 
9 0.6292642357211213 0.7197422584398133 0.09 0.09 
9 0.6446569814356173 0.5912128317237714 0.09 0.09 
9 0.5730807138632108 0.5758200860092754 0.09 0.09 
9 0.5576879681487146 0.6851085805821971 0.09 0.09 
9 0.7770345945802832 0.8959891968707929 0.09 0.09 
9 0.6592800898643885 0.8390360377271576 0.09 0.09 
9 0.5900127341491563 0.8359574885842583 0.09 0.09 
9 0.14362310842877124 0.5819771842950737 0.09 0.09 
9 0.19211025742943377 0.7659204955833014 0.09 0.09 
9 0.16363367785761607 0.678181845010674 0.09 0.09 
9 0.2329010335728483 0.6196894112955891 0.09 0.09 
9 0.49688662257645533 0.22640475829021522 0.09 0.09 
9 0.26214725043039067 0.8005541734409175 0.09 0.09 
9 0.24136704371582107 0.7197422584398133 0.09 0.09 
9 0.8824749027245811 0.8582769698702777 0.09 0.09 
9 0.5538397817200907 0.7613026718689525 0.09 0.09 
9 0.6485051678642414 0.9244657764426106 0.09 0.09 
9 0.4953473480050057 0.8120987327267896 0.09 0.09 
9 0.42915854143267274 0.7420617397258326 0.09 0.09 
9 0.33834134171714614 0.8398056750128824 0.09 0.09 
