8 0.7135315914363535 0.5458246491502606 0.055 0.055 
8 0.653499883149819 0.551981747436059 0.055 0.055 
8 0.5896199884346603 0.5450550118645358 0.055 0.055 
8 0.6157876561493035 0.6058563574367951 0.055 0.055 
8 0.571148693577265 0.6466471335802095 0.055 0.055 
8 0.5295882801481258 0.6912860961522481 0.055 0.055 
8 0.555755947862769 0.594311798150923 0.055 0.055 
8 0.44954600243274634 0.5881546998651247 0.055 0.055 
8 0.39413211786056057 0.5950814354366479 0.055 0.055 
8 0.3371789587169254 0.6027778082938958 0.055 0.055 
8 0.37412154843171574 0.5450550118645358 0.055 0.055 
8 0.4172212364323047 0.5158087950069933 0.055 0.055 
8 0.46955657186159117 0.5365890017215629 0.055 0.055 
8 0.4841796802903624 0.4881018527209004 0.055 0.055 
8 0.5357453784339242 0.5127302458640941 0.055 0.055 
8 0.5726879681487146 0.4734787442921292 0.055 0.055 
8 0.6142483815778539 0.5042642357211213 0.055 0.055 
8 0.6681229915785901 0.4850233035780012 0.055 0.055 
8 0.5619130461485674 0.4273005071486411 0.055 0.055 
8 0.5126562598621801 0.4442325274345867 0.055 0.055 
8 0.45493346343282004 0.4303790562915403 0.055 0.055 
8 0.38951429414621175 0.46809128329205557 0.055 0.055 
8 0.39721066700345986 0.4126773987198698 0.055 0.055 
8 0.34256641971699886 0.39189719200530015 0.055 0.055 
8 0.3856661077175878 0.3503367785761609 0.055 0.055 
8 0.4356925312897 0.3349440328616648 0.055 0.055 
8 0.47571367014738963 0.37804372086225374 0.055 0.055 
8 0.5064991615763818 0.3349440328616648 0.055 0.055 
8 0.5434417512911722 0.3818919072908778 0.055 0.055 
8 0.47032620914731604 0.64510785900876 0.055 0.055 
