9 0.35471888678433094 0.3083647163522579 0.09 0.09 
9 0.3956707562883637 0.23381131289619822 0.09 0.09 
9 0.4166717150083804 0.6979325006085694 0.09 0.09 
9 0.4093213794563746 0.8428391157766854 0.09 0.09 
9 0.5143261730564587 0.8428391157766854 0.09 0.09 
9 0.569978713664503 0.7609353767686198 0.09 0.09 
9 0.517476316864461 0.6863819733125602 0.09 0.09 
9 0.48702492672043673 0.5278247349764335 0.09 0.09 
9 0.5689286657285022 0.5015735365764123 0.09 0.09 
9 0.6329815898245534 0.33461591475227886 0.09 0.09 
9 0.5384772755844779 0.3157150519042637 0.09 0.09 
9 0.5290268441604703 0.254812271616215 0.09 0.09 
9 0.5983300079365258 0.228561073216194 0.09 0.09 
9 0.4355725778563956 0.31151486016026037 0.09 0.09 
9 0.4754743994244275 0.7598853288326191 0.09 0.09 
9 0.544777563200483 0.5981779466884897 0.09 0.09 
9 0.46707401593642084 0.4028690305923334 0.09 0.09 
9 0.5531779466884896 0.4018189826563326 0.09 0.09 
