9 0.38736151354095705 0.3777192354264755 0.09 0.09 
9 0.3717691020538647 0.47831543856900627 0.09 0.09 
9 0.3003457978226678 0.5477268187373524 0.09 0.09 
9 0.38132574135240516 0.5839414518686635 0.09 0.09 
9 0.4567728937093033 0.6422872496913314 0.09 0.09 
9 0.44118048222221096 0.4506514827048103 0.09 0.09 
9 0.522663406767661 0.43707099528056864 0.09 0.09 
9 0.5810092045903288 0.37118048222221095 0.09 0.09 
9 0.6504205847586749 0.43204118512344214 0.09 0.09 
9 0.5920747869360071 0.5200628628731565 0.09 0.09 
9 0.6313073061615941 0.6236769521099633 0.09 0.09 
9 0.728885623209849 0.4868661158361214 0.09 0.09 
9 0.5105918623905572 0.5240867109988578 0.09 0.09 
9 0.45274904558360207 0.5266016160774211 0.09 0.09 
