9 0.08945714246412517 0.8218939573127703 0.09 0.09 
9 0.06005580025610158 0.9195484153608484 0.09 0.09 
9 0.16191045004818316 0.9184983674248474 0.09 0.09 
9 0.1797612649601974 0.8187438135047677 0.09 0.09 
9 0.2595649080962612 0.8712462103048096 0.09 0.09 
9 0.5504281863684938 0.4197255978244485 0.09 0.09 
9 0.5808795765125183 0.34517219436838886 0.09 0.09 
9 0.6312818774405585 0.23281706521629897 0.09 0.09 
9 0.6995349932806131 0.31997104390436876 0.09 0.09 
9 0.6638333634565846 0.41657545401644597 0.09 0.09 
9 0.7866889719686828 0.29161974963234605 0.09 0.09 
9 0.8549420878087375 0.17611447667225366 0.09 0.09 
9 0.7058352808966182 0.24226749664030656 0.09 0.09 
9 0.7772385405446753 0.21286615443228307 0.09 0.09 
