8 0.4369700851843519 0.4100297203205207 0.055 0.055 
8 0.49157257785639563 0.42788053523253505 0.055 0.055 
8 0.5503752622724427 0.4163300079365258 0.055 0.055 
8 0.5325244473604284 0.362777563200483 0.055 0.055 
8 0.4779219546883847 0.37327804256049135 0.055 0.055 
8 0.5598256936964502 0.47408264441657194 0.055 0.055 
8 0.4947227216643981 0.49088341139258546 0.055 0.055 
8 0.5199238721284182 0.5633367189766434 0.055 0.055 
8 0.5755764127364628 0.579087438016656 0.055 0.055 
8 0.4768719067523838 0.6074387322886787 0.055 0.055 
8 0.4569209959683679 0.5433858081926275 0.055 0.055 
8 0.4044185991683259 0.552836239616635 0.055 0.055 
8 0.3876178321923125 0.6126889719686829 0.055 0.055 
8 0.6480297203205208 0.5874878215046626 0.055 0.055 
