1 0.481025469405153 0.41624010253646404 0.025 0.025 
1 0.4573853616666582 0.44591598246351066 0.025 0.025 
1 0.4251945766610483 0.45496964074633844 0.025 0.025 
1 0.4166438993939332 0.4856514827048103 0.025 0.025 
1 0.42066774751963454 0.5253869829461101 0.025 0.025 
1 0.43776910205386477 0.5535539198260185 0.025 0.025 
1 0.46995988705947456 0.5394704513860643 0.025 0.025 
1 0.4704628680751872 0.5062737043490291 0.025 0.025 
1 0.44933766541525566 0.4781067674691205 0.025 0.025 
1 0.47750460229516445 0.46855012817058006 0.025 0.025 
1 0.5117073113636249 0.47056205223343067 0.025 0.025 
1 0.5061745201907857 0.5057707233333165 0.025 0.025 
1 0.5081864442536363 0.5424883374803402 0.025 0.025 
1 0.5373593431649701 0.5198541917732707 0.025 0.025 
1 0.5559696407463385 0.4851485016890977 0.025 0.025 
1 0.5846395586419596 0.47106503324914334 0.025 0.025 
1 0.6163273626318568 0.4725739762962813 0.025 0.025 
1 0.6032498562233279 0.5641165211559844 0.025 0.025 
1 0.5886634067676609 0.5968102871773068 0.025 0.025 
