2 0.23768854570060105 0.3569894134008931 0.15 0.15 
2 0.26567770998300455 0.4543917051036572 0.15 0.15 
2 0.2608262548407212 0.5962034708011681 0.15 0.15 
2 0.3806198779694081 0.5387323868079663 0.15 0.15 
2 0.4474206833900778 0.4413300951052022 0.15 0.15 
2 0.35897492425768274 0.3581089799721892 0.15 0.15 
2 0.5455693528070393 0.33497127083206896 0.15 0.15 
2 0.6250585793690653 0.28533715283794014 0.15 0.15 
2 0.7202217379292369 0.3122067505490475 0.15 0.15 
2 0.7101456387875716 0.6805441525054772 0.15 0.15 
2 0.6467035330807905 0.6070259476570308 0.15 0.15 
2 0.5198193216672281 0.611877402799314 0.15 0.15 
2 0.5366128202366701 0.453272138532361 0.15 0.15 
2 0.5634824179477775 0.7044282393597949 0.15 0.15 
2 0.6836492299335631 0.7648848342097864 0.15 0.15 
