1 0.5401604257519482 0.5031999895959386 0.025 0.025 
1 0.5306037864534078 0.5343848125701232 0.025 0.025 
1 0.560782647396167 0.5570189582771926 0.025 0.025 
1 0.3218666649326565 0.4217170650504887 0.025 0.025 
1 0.3636140892368067 0.6686807437654018 0.025 0.025 
1 0.4616953873007742 0.4770449767788806 0.025 0.025 
1 0.3958048742424165 0.3548205899607057 0.025 0.025 
1 0.728275325628481 0.44837505888325935 0.025 0.025 
1 0.7685138068854932 0.5736173317957103 0.025 0.025 
1 0.33393820930976015 0.36186232418068287 0.025 0.025 
1 0.5034428116049244 0.6027902307070441 0.025 0.025 
