10 0.08700383488006724 0.10086040211218228 0.08 0.08 
10 0.14370642342411255 0.19011447667225367 0.08 0.08 
10 0.3810172569603023 0.3990740159364208 0.08 0.08 
10 0.5448247349764335 0.5849325006085694 0.08 0.08 
10 0.5028228175363998 0.6678862875526359 0.08 0.08 
10 0.5143733448324089 0.7791913687687249 0.08 0.08 
10 0.5647756457604494 0.8463944366727786 0.08 0.08 
10 0.5836765086084644 0.7697409373447173 0.08 0.08 
10 0.5574253102084434 0.7109382529286703 0.08 0.08 
10 0.5721259813124552 0.6437351850246165 0.08 0.08 
10 0.6151779466884897 0.6941374859526568 0.08 0.08 
10 0.599427227648477 0.5523810145925435 0.08 0.08 
10 0.6708304872965342 0.5723319253765594 0.08 0.08 
10 0.651929624448519 0.5051288574725056 0.08 0.08 
10 0.6582299120645241 0.6384849453446122 0.08 0.08 
10 0.7264830279045786 0.6321846577286072 0.08 0.08 
10 0.717032596480571 0.12921169638420493 0.08 0.08 
10 0.7800354726406215 0.10191045004818311 0.08 0.08 
