6 0.4637967418350045 0.39862167254768377 0.03 0.03 
6 0.49699348887203965 0.3966097484848331 0.03 0.03 
6 0.521136577626247 0.36944877363634987 0.03 0.03 
6 0.5306932169247875 0.4056634067676609 0.03 0.03 
6 0.511076957311994 0.4343333246632822 0.03 0.03 
6 0.4788861723063841 0.42779457145901767 0.03 0.03 
6 0.4477013493321995 0.4489197741189491 0.03 0.03 
6 0.4874368495734992 0.4619972805274781 0.03 0.03 
6 0.45625202659931463 0.48261950217169697 0.03 0.03 
6 0.4431745201907856 0.5158162492087321 0.03 0.03 
6 0.45021625441076285 0.5535398253871812 0.03 0.03 
6 0.47637126722782086 0.5243669264758474 0.03 0.03 
6 0.49699348887203965 0.495697008580226 0.03 0.03 
6 0.5352200460662013 0.4801045970931337 0.03 0.03 
6 0.5709316981817998 0.4906671984230994 0.03 0.03 
6 0.5543333246632821 0.521852021397284 0.03 0.03 
6 0.5362260080976267 0.546498091167204 0.03 0.03 
6 0.521136577626247 0.5761739710942506 0.03 0.03 
6 0.49397560277776364 0.6068558130527225 0.03 0.03 
6 0.47637126722782075 0.5801978192199518 0.03 0.03 
6 0.5080590712177181 0.5369414518686635 0.03 0.03 
6 0.4959875268406143 0.5600785785914456 0.03 0.03 
6 0.5231485016890977 0.5143073061615941 0.03 0.03 
6 0.5804883374803402 0.5485100152300547 0.03 0.03 
6 0.46782058996070564 0.6289869777440792 0.03 0.03 
