8 0.8225927109767484 0.8983491823368618 0.055 0.055 
8 0.7984416084487291 0.8458467855368197 0.055 0.055 
8 0.7826908894087165 0.7765436217607643 0.055 0.055 
8 0.7553896430726946 0.7324416084487291 0.055 0.055 
8 0.7028872462726526 0.7565927109767483 0.055 0.055 
8 0.6461846577286072 0.7355917522567316 0.055 0.055 
8 0.5905321171205627 0.6925397868806971 0.055 0.055 
8 0.535929624448519 0.6851894513286912 0.055 0.055 
8 0.5159787136645031 0.7334916563847298 0.055 0.055 
8 0.5674310625285442 0.7586928068487501 0.055 0.055 
8 0.6230836031365887 0.8080450598407894 0.055 0.055 
8 0.49182761113648377 0.7859940531847718 0.055 0.055 
8 0.5590306790405375 0.6232366231046417 0.055 0.055 
8 0.6146832196485821 0.6337371024646501 0.055 0.055 
8 0.6461846577286072 0.6809892595846878 0.055 0.055 
8 0.700787150400651 0.6967399786247005 0.055 0.055 
8 0.7700903141767064 0.6778391157766854 0.055 0.055 
8 0.7406889719686829 0.62113652723264 0.055 0.055 
8 0.7984416084487291 0.6232366231046417 0.055 0.055 
8 0.68713652723264 0.6379372942086535 0.055 0.055 
8 0.648284753600609 0.5917351850246165 0.055 0.055 
8 0.69973710246465 0.5717842742406005 0.055 0.055 
8 0.7837409373447173 0.574934418048603 0.055 0.055 
8 0.7385888760966811 0.5192818774405585 0.055 0.055 
8 0.7910912728967231 0.5087813980805501 0.055 0.055 
8 0.7081374859526568 0.47307976825652154 0.055 0.055 
8 0.6766360478726315 0.5245321171205627 0.055 0.055 
8 0.61205809980858 0.5392327882245745 0.055 0.055 
8 0.5537804393605333 0.5665340345605963 0.055 0.055 
8 0.49497775494448626 0.5875349932806131 0.055 0.055 
8 0.5044281863684938 0.6410874380166559 0.055 0.055 
8 0.7238882049926695 0.41322703590447374 0.055 0.055 
8 0.6650855205766223 0.42162741939248044 0.055 0.055 
8 0.5936822609285652 0.43002780288048714 0.055 0.055 
8 0.5380297203205207 0.4415783301764964 0.055 0.055 
8 0.5831817815685568 0.48148015174452824 0.055 0.055 
8 0.6493348015366098 0.47307976825652154 0.055 0.055 
8 0.5380297203205207 0.5087813980805501 0.055 0.055 
8 0.49497775494448626 0.4783300079365258 0.055 0.055 
8 0.483427227648477 0.5287323088645661 0.055 0.055 
8 0.42567459116843087 0.568634130432598 0.055 0.055 
8 0.4225244473604284 0.5192818774405585 0.055 0.055 
8 0.5968324047365678 0.3701750705284393 0.055 0.055 
8 0.6619353767686198 0.3638747829124343 0.055 0.055 
8 0.7165378694406634 0.3481240638724216 0.055 0.055 
8 0.5516803434885317 0.39852636480046194 0.055 0.055 
8 0.535929624448519 0.3544243514884266 0.055 0.055 
8 0.4855273235204788 0.3481240638724216 0.055 0.055 
8 0.5191288574725056 0.29562166707237963 0.055 0.055 
8 0.5327794806405166 0.23786903059233344 0.055 0.055 
8 0.47187670035246787 0.2893213794563746 0.055 0.055 
8 0.4141240638724216 0.3019219546883847 0.055 0.055 
8 0.4267246391044318 0.33552348864041154 0.055 0.055 
8 0.4456255019524469 0.37437526227244267 0.055 0.055 
8 0.43197487878443586 0.417427227648477 0.055 0.055 
8 0.49077756320048305 0.40377660448046615 0.055 0.055 
8 0.45822607718445685 0.44472847398449894 0.055 0.055 
8 0.4141240638724216 0.47622991206452414 0.055 0.055 
8 0.3668719067523838 0.4856803434885317 0.055 0.055 
8 0.3731721943683889 0.556033555200588 0.055 0.055 
8 0.3479710439043687 0.602235664384625 0.055 0.055 
8 0.18731370969624017 0.607485904064629 0.055 0.055 
8 0.19886423699224942 0.556033555200588 0.055 0.055 
8 0.20516452460825452 0.5003810145925435 0.055 0.055 
8 0.15581227161621503 0.4615292409605123 0.055 0.055 
8 0.12011064179218645 0.30402205056038634 0.055 0.055 
8 0.1810134220802352 0.2924715232643772 0.055 0.055 
8 0.21671505190426377 0.24521936614433937 0.055 0.055 
8 0.25976701728029816 0.25781994137634945 0.055 0.055 
8 0.28706826361632 0.29667171500838047 0.055 0.055 
8 0.23561591475227883 0.3092722902403906 0.055 0.055 
8 0.22406538745626958 0.372275166400441 0.055 0.055 
8 0.15056203193621087 0.34497392006441907 0.055 0.055 
8 0.3080692223363368 0.2504696058243435 0.055 0.055 
8 0.3511211877123712 0.2683204207363578 0.055 0.055 
8 0.3826226257923965 0.3019219546883847 0.055 0.055 
8 0.33852061248036114 0.38382569369645025 0.055 0.055 
8 0.32592003724835106 0.43737813843249307 0.055 0.055 
8 0.3700220505603864 0.4331779466884897 0.055 0.055 
8 0.39837334483240905 0.4016765086084645 0.055 0.055 
8 0.3742222423043897 0.3554743994244275 0.055 0.055 
8 0.2482164899842889 0.5245321171205627 0.055 0.055 
8 0.32276989344034857 0.5329325006085694 0.055 0.055 
8 0.27236759251230824 0.424777563200483 0.055 0.055 
