10 0.1642030679040537 0.06551869504032753 0.08 0.08 
10 0.25870738214412936 0.21357545401644595 0.08 0.08 
10 0.4676669214082966 0.2408767003524679 0.08 0.08 
10 0.5138690305923335 0.32908072697653834 0.08 0.08 
10 0.5443204207363579 0.4130845618566055 0.08 0.08 
10 0.4519162023682839 0.389983507264587 0.08 0.08 
10 0.4792174487043057 0.47608743801665593 0.08 0.08 
10 0.40046385350424263 0.5233395951366938 0.08 0.08 
10 0.6703261730564586 0.41098446598460386 0.08 0.08 
10 0.35531179225620657 0.7091980798088425 0.08 0.08 
10 0.37106251129621914 0.7869016270729046 0.08 0.08 
10 0.4351154353922704 0.7322991344008608 0.08 0.08 
10 0.5212193661443394 0.6902972169608272 0.08 0.08 
10 0.5831721943683889 0.6388448680967862 0.08 0.08 
10 0.6430249267204368 0.6881971210888257 0.08 0.08 
10 0.7249286657285022 0.6923973128328289 0.08 0.08 
10 0.39731370969624014 0.8887562768649861 0.08 0.08 
10 0.4655668255362948 0.8509545511689557 0.08 0.08 
10 0.4351154353922704 0.9486090092170338 0.08 0.08 
