6 0.4207013493321996 0.4710509388103059 0.03 0.03 
6 0.4528921343378094 0.4846314262345476 0.03 0.03 
6 0.4704964698877523 0.5133013441301689 0.03 0.03 
6 0.49715446372052285 0.5369414518686635 0.03 0.03 
6 0.5373929449775353 0.556557711481457 0.03 0.03 
6 0.5590211286531794 0.5253728885072726 0.03 0.03 
6 0.562541995763168 0.49368508451737536 0.03 0.03 
6 0.5288422677104202 0.4755777679517198 0.03 0.03 
6 0.5147587992704659 0.507265571941617 0.03 0.03 
6 0.4941365776262471 0.48060757810884636 0.03 0.03 
6 0.46647262176205107 0.4559615083389263 0.03 0.03 
