2 0.6247248924145015 0.09015463682230912 0.15 0.15 
2 0.5353757106625976 0.18907694519048845 0.15 0.15 
2 0.64865770895519 0.19333166813105535 0.15 0.15 
2 0.5779229400682662 0.3151231123047816 0.15 0.15 
2 0.4545359747918273 0.26832115995854616 0.15 0.15 
2 0.3130664370179794 0.2954450187046599 0.15 0.15 
2 0.3923106517860371 0.38851708302955984 0.15 0.15 
2 0.243927189233768 0.42574590875951984 0.15 0.15 
2 0.3657186334074942 0.46776129779761755 0.15 0.15 
2 0.4960195234623541 0.37628475457543015 0.15 0.15 
2 0.4210300316348633 0.5922119438091981 0.15 0.15 
2 0.563563250143853 0.5714701694739347 0.15 0.15 
2 0.6146199254306552 0.6645422337988346 0.15 0.15 
2 0.5013379271380627 0.6672014356366889 0.15 0.15 
2 0.38805592884547013 0.7283630779073375 0.15 0.15 
2 0.35135894348308094 0.82303066333495 0.15 0.15 
2 0.49442400235964146 0.7565506173885929 0.15 0.15 
2 0.5624995694087112 0.8698326156811854 0.15 0.15 
2 0.6332343382956352 0.7480411715074591 0.15 0.15 
2 0.7177969567394015 0.6927297732800901 0.15 0.15 
2 0.6045149584468089 0.39277180597012673 0.15 0.15 
