6 0.44680270386642984 0.40779457145901765 0.03 0.03 
6 0.4810054129348903 0.4414942995117655 0.03 0.03 
6 0.5006216725476837 0.4701642174073868 0.03 0.03 
6 0.5282856284118798 0.4832417238159158 0.03 0.03 
6 0.5695300717003174 0.48173278076877785 0.03 0.03 
6 0.49458590035913186 0.5073848125701231 0.03 0.03 
6 0.5242617802861784 0.5300189582771926 0.03 0.03 
6 0.4734606976992004 0.5400785785914457 0.03 0.03 
6 0.5192319701290519 0.567239553439929 0.03 0.03 
6 0.4719517546520625 0.575790230707044 0.03 0.03 
