8 0.21781131289619826 0.5096851370886156 0.055 0.055 
8 0.44252157120037794 0.5327861916806341 0.055 0.055 
8 0.46982281753639976 0.592638924032682 0.055 0.055 
8 0.5443762209924595 0.5558872462726526 0.055 0.055 
8 0.5947785219204997 0.5684878215046626 0.055 0.055 
8 0.6021288574725057 0.5180855205766224 0.055 0.055 
8 0.5580268441604703 0.4918343221766014 0.055 0.055 
8 0.5055244473604283 0.493934418048603 0.055 0.055 
8 0.49187382419241743 0.42778139808055016 0.055 0.055 
8 0.49187382419241743 0.3721288574725056 0.055 0.055 
8 0.5905783301764964 0.4382818774405586 0.055 0.055 
