8 0.46853063039610077 0.419368535320997 0.055 0.055 
8 0.5265355576372995 0.4128019397842575 0.055 0.055 
8 0.5194217458058318 0.4817511929200222 0.055 0.055 
8 0.5692184286261063 0.5003565469407841 0.055 0.055 
8 0.5943903781836077 0.5556253927083414 0.055 0.055 
8 0.5380270998265937 0.5435866342243192 0.055 0.055 
8 0.48111660517485144 0.5353783898033947 0.055 0.055 
8 0.4302254897651203 0.5643808534239941 0.055 0.055 
8 0.41709229869164144 0.5145841706037197 0.055 0.055 
8 0.45868073709099144 0.4817511929200222 0.055 0.055 
