8 0.4330905617186185 0.4218820594354701 0.055 0.055 
8 0.6693692084361326 0.040141965715968286 0.055 0.055 
8 0.4038443448610759 0.46113356100743497 0.055 0.055 
8 0.3676713924320103 0.5265527302940431 0.055 0.055 
8 0.32149315528852207 0.5696524182946321 0.055 0.055 
8 0.33226807728866936 0.6273752147239922 0.055 0.055 
8 0.3984568838610023 0.5696524182946321 0.055 0.055 
8 0.4300120125757192 0.6142913808666706 0.055 0.055 
8 0.450022582004564 0.5065421608651983 0.055 0.055 
8 0.4900437208622537 0.542715113294264 0.055 0.055 
8 0.5100542902910986 0.4980761507222255 0.055 0.055 
8 0.4784991615763817 0.4518979135787373 0.055 0.055 
8 0.5662378121490091 0.47806558129338067 0.055 0.055 
8 0.5562325274345867 0.5242438184368687 0.055 0.055 
8 0.6108767747210477 0.5265527302940431 0.055 0.055 
8 0.6439711780072142 0.5134688964367214 0.055 0.055 
8 0.6986154252936752 0.5527203980086864 0.055 0.055 
8 0.6455104525786637 0.5796577030090544 0.055 0.055 
