6 0.5122379321604773 0.40977668536474177 0.03 0.03 
6 0.5258184195847189 0.45202709068460467 0.03 0.03 
6 0.514249856223328 0.48321191365878924 0.03 0.03 
6 0.5434227551346619 0.5013192302244448 0.03 0.03 
6 0.5565002615431909 0.4751642174073868 0.03 0.03 
6 0.5816493123288236 0.4972953820987436 0.03 0.03 
6 0.575110559124559 0.4464942995117655 0.03 0.03 
6 0.5912059516273639 0.5430666545285951 0.03 0.03 
6 0.5575062235746161 0.5320010721829167 0.03 0.03 
6 0.5122379321604773 0.5320010721829167 0.03 0.03 
6 0.48809484340626985 0.5636888761728139 0.03 0.03 
6 0.4860829193434193 0.5018222112401575 0.03 0.03 
6 0.4800471471548674 0.466110559124559 0.03 0.03 
6 0.46797560277776373 0.43442275513466183 0.03 0.03 
6 0.4056059568293946 0.4998102871773068 0.03 0.03 
6 0.43578481777215394 0.5179176037429624 0.03 0.03 
6 0.46797560277776373 0.531498091167204 0.03 0.03 
6 0.4247192354264755 0.5491024267171469 0.03 0.03 
6 0.3925284504208657 0.5657008002356645 0.03 0.03 
