0 0.37902013312035276 0.1014638535042427 0.08 0.08 
0 0.4262722902403906 0.2106688388483301 0.08 0.08 
0 0.594279960000525 0.2810220505603863 0.08 0.08 
0 0.5512279946244906 0.3807766044804662 0.08 0.08 
0 0.6341817815685569 0.36817602924845605 0.08 0.08 
0 0.8032394992646921 0.19806826361632002 0.08 0.08 
0 0.7034849453446123 0.13506538745626961 0.08 0.08 
0 0.7916889719686828 0.10986423699224945 0.08 0.08 
0 0.8504916563847298 0.04896145670420071 0.08 0.08 
0 0.31601725696030236 0.39127708384047455 0.08 0.08 
0 0.23726366176023939 0.43957928889651315 0.08 0.08 
0 0.08710680691211925 0.43117890540850645 0.08 0.08 
0 0.4304724819843939 0.9268015312009029 0.08 0.08 
0 0.5092260771844569 0.9593530172169289 0.08 0.08 
0 0.5386274193924804 0.8826995178888676 0.08 0.08 
0 0.6341817815685569 0.8669487988488549 0.08 0.08 
0 0.7076851370886157 0.814446402048813 0.08 0.08 
