6 0.5386168087093285 0.6755311698933875 0.03 0.03 
6 0.3208260289057494 0.6634596255162838 0.03 0.03 
6 0.4817799539337987 0.6131615239450183 0.03 0.03 
6 0.4903306312009138 0.5769468908137072 0.03 0.03 
6 0.5345929605836274 0.5920363212850869 0.03 0.03 
6 0.5597420113692599 0.6146704669921563 0.03 0.03 
6 0.5723165367620764 0.5789588148765579 0.03 0.03 
6 0.5848910621548927 0.5412352386981089 0.03 0.03 
6 0.5763403848877777 0.5020027194725218 0.03 0.03 
6 0.5969626065319964 0.47132087751404994 0.03 0.03 
6 0.5491794100392943 0.5598455362794771 0.03 0.03 
6 0.5617539354321106 0.4587463521212336 0.03 0.03 
6 0.5833821191077548 0.4320883582884629 0.03 0.03 
6 0.5521972961335703 0.41146613664424414 0.03 0.03 
6 0.5210124731593857 0.3973826682042898 0.03 0.03 
6 0.48781572612235047 0.3973826682042898 0.03 0.03 
6 0.46015177025815457 0.39637670617286447 0.03 0.03 
6 0.42796098525254467 0.37927535163863424 0.03 0.03 
6 0.42393713712684344 0.43007643422561226 0.03 0.03 
6 0.3992910673569233 0.45924933313694627 0.03 0.03 
6 0.38571057993268176 0.4909371371268435 0.03 0.03 
6 0.4214222320482802 0.48842223204828017 0.03 0.03 
6 0.45160109299103945 0.5080384916610736 0.03 0.03 
6 0.4571338841638787 0.4527105799326817 0.03 0.03 
6 0.45361301705389 0.47886559274973983 0.03 0.03 
6 0.48379187799664936 0.4838954029068664 0.03 0.03 
6 0.48781572612235047 0.4532135609483944 0.03 0.03 
6 0.49686938440517825 0.42856749117847437 0.03 0.03 
6 0.4671935044781317 0.4255496050841985 0.03 0.03 
6 0.5200065111279604 0.4678000104040614 0.03 0.03 
6 0.5446525808978804 0.48138049782830306 0.03 0.03 
6 0.5491794100392943 0.5211159980696027 0.03 0.03 
6 0.5310720934736387 0.5296666753367179 0.03 0.03 
6 0.5013962135465921 0.5040146435353725 0.03 0.03 
6 0.5164856440179718 0.5653783274523163 0.03 0.03 
6 0.4948574603423277 0.538217352603833 0.03 0.03 
