8 0.5777417705667384 0.6327780419942581 0.055 0.055 
8 0.5700453977094904 0.5781337947077972 0.055 0.055 
8 0.6146843602815288 0.5327251948500338 0.055 0.055 
8 0.6354645669960985 0.46345783913480165 0.055 0.055 
8 0.5715846722809399 0.4519132798489297 0.055 0.055 
8 0.5723543095666648 0.5080968017068401 0.055 0.055 
8 0.5030869538514325 0.5627410489933011 0.055 0.055 
8 0.5230975232802774 0.6143067471368628 0.055 0.055 
8 0.45383016756504524 0.6420136894229558 0.055 0.055 
8 0.46383545227946765 0.5912176285651188 0.055 0.055 
8 0.4345892354219252 0.54811794056453 0.055 0.055 
8 0.35993441870661935 0.5327251948500338 0.055 0.055 
8 0.4576783539936693 0.4934736932780689 0.055 0.055 
8 0.39379845927851065 0.4649971137062513 0.055 0.055 
8 0.5069351402800566 0.4826987712779217 0.055 0.055 
8 0.44844270656497154 0.44498654427740647 0.055 0.055 
8 0.49000311999411095 0.4057350427054415 0.055 0.055 
8 0.5492651909949207 0.40419576813399194 0.055 0.055 
8 0.5115529639944054 0.353399707276155 0.055 0.055 
8 0.4545998048507699 0.3695620902763759 0.055 0.055 
8 0.40457338127865783 0.40188685627681753 0.055 0.055 
