8 0.7440347084157322 0.4256151505273893 0.055 0.055 
8 0.7198836058877127 0.47286730764742724 0.055 0.055 
8 0.6831319281276833 0.4214149587833861 0.055 0.055 
8 0.6421800586236506 0.4592166844794162 0.055 0.055 
8 0.5844274221436044 0.47391735558342807 0.055 0.055 
8 0.5959779494396137 0.4224650067193869 0.055 0.055 
8 0.5434755526395717 0.4182648149753835 0.055 0.055 
8 0.4237700879354759 0.24605695347124568 0.055 0.055 
8 0.46892214918351205 0.2135054674552198 0.055 0.055 
8 0.46892214918351205 0.27755839155127093 0.055 0.055 
8 0.6085785246716238 0.5337700879354759 0.055 0.055 
8 0.5560761278715818 0.5474207111034868 0.055 0.055 
8 0.5056738269435413 0.5253697044474692 0.055 0.055 
8 0.46892214918351205 0.4886180266874397 0.055 0.055 
8 0.42587018380747754 0.44766615718340697 0.055 0.055 
8 0.48257277235152296 0.43401553401539616 0.055 0.055 
8 0.44267095078349095 0.3983139041913676 0.055 0.055 
8 0.3744178349434365 0.45396644479941206 0.055 0.055 
8 0.3219154381433944 0.42351505465538775 0.055 0.055 
8 0.3177152463993911 0.4749674035194289 0.055 0.055 
8 0.351316780351418 0.5274698003194709 0.055 0.055 
8 0.40381917715146 0.5001685539834491 0.055 0.055 
8 0.4510713342714978 0.5400703755514811 0.055 0.055 
8 0.39961898540745655 0.5610713342714978 0.055 0.055 
8 0.3282157257593995 0.5799721971195129 0.055 0.055 
8 0.38281821843144315 0.611473635199538 0.055 0.055 
8 0.4174698003194709 0.6534755526395717 0.055 0.055 
8 0.4710222450555137 0.6713263675515859 0.055 0.055 
8 0.45947171775950446 0.612523683135539 0.055 0.055 
8 0.5298249294715607 0.617773922815543 0.055 0.055 
8 0.5791771824636003 0.5999231079035288 0.055 0.055 
8 0.6274793875196389 0.6230241624955473 0.055 0.055 
8 0.6222291478396347 0.6891771824636002 0.055 0.055 
8 0.5686767031035918 0.6597758402555767 0.055 0.055 
8 0.5256247377275574 0.47076721177542546 0.055 0.055 
