2 0.762311454299399 0.6430105865991069 0.15 0.15 
2 0.7343222900169954 0.5456082948963428 0.15 0.15 
2 0.7391737451592788 0.4037965291988319 0.15 0.15 
2 0.6193801220305919 0.4612676131920337 0.15 0.15 
2 0.5525793166099222 0.5586699048947978 0.15 0.15 
2 0.6410250757423173 0.6418910200278107 0.15 0.15 
2 0.45443064719296067 0.6650287291679311 0.15 0.15 
2 0.3749414206309347 0.7146628471620599 0.15 0.15 
2 0.27977826207076306 0.6877932494509524 0.15 0.15 
2 0.28985436121242836 0.3194558474945228 0.15 0.15 
2 0.35329646691920946 0.3929740523429692 0.15 0.15 
2 0.4801806783327719 0.388122597200686 0.15 0.15 
2 0.4633871797633299 0.546727861467639 0.15 0.15 
2 0.43651758205222246 0.2955717606402051 0.15 0.15 
2 0.31635077006643686 0.23511516579021363 0.15 0.15 
