1 0.6136981067732961 0.8018449871829421 0.025 0.025 
1 0.6544395690460211 0.7867555567115624 0.025 0.025 
1 0.6514216829517452 0.7168411955275035 0.025 0.025 
1 0.655948512093159 0.6720758851290773 0.025 0.025 
1 0.6710379425645386 0.6398851001234673 0.025 0.025 
1 0.6760677527216652 0.6026645049607311 0.025 0.025 
1 0.6041414674747556 0.695715992867572 0.025 0.025 
1 0.5699387584062952 0.668052037003376 0.025 0.025 
1 0.5442867266049498 0.6484357773905826 0.025 0.025 
1 0.5186346948036045 0.6363642330134789 0.025 0.025 
1 0.6770737147530905 0.4779252130639928 0.025 0.025 
1 0.6609783222502855 0.43668076977555526 0.025 0.025 
1 0.6383441765432161 0.46132683954547515 0.025 0.025 
1 0.6061533915376063 0.4648477066554637 0.025 0.025 
1 0.5815073217676863 0.4668596307183145 0.025 0.025 
1 0.5724536634848585 0.44422548501124504 0.025 0.025 
1 0.5945848281762153 0.325018984287346 0.025 0.025 
1 0.5684298153591573 0.298863971470288 0.025 0.025 
1 0.6504157209203199 0.2566135661504251 0.025 0.025 
1 0.6710379425645386 0.2883013701403223 0.025 0.025 
1 0.472863422373753 0.27170299662180464 0.025 0.025 
1 0.43664878924244177 0.28025367388891986 0.025 0.025 
1 0.402949061189694 0.28930733217174764 0.025 0.025 
1 0.3954043459540043 0.34765312999441544 0.025 0.025 
1 0.3430943203198883 0.3466471679629901 0.025 0.025 
1 0.3446032633670262 0.3803468960157379 0.025 0.025 
1 0.4934856440179718 0.3728021807800481 0.025 0.025 
1 0.5533403848877777 0.38537670617286446 0.025 0.025 
1 0.5291972961335702 0.4472433711055209 0.025 0.025 
1 0.5045512263636501 0.4547880863412108 0.025 0.025 
1 0.43815773228957977 0.4552910673569234 0.025 0.025 
1 0.4059669472839701 0.4552910673569234 0.025 0.025 
1 0.37126125719979686 0.4502612571997969 0.025 0.025 
1 0.3370585481313365 0.47440434595400427 0.025 0.025 
1 0.3254899847699453 0.5040802258810508 0.025 0.025 
1 0.3224720986756695 0.5357680298709481 0.025 0.025 
1 0.3430943203198883 0.5604140996408681 0.025 0.025 
1 0.35063903555557807 0.5986406568350298 0.025 0.025 
1 0.32498700375423273 0.6232867266049499 0.025 0.025 
1 0.2932991997643355 0.6358612519977662 0.025 0.025 
1 0.2666412059315648 0.6192628784792485 0.025 0.025 
1 0.4361458082267293 0.5604140996408681 0.025 0.025 
1 0.40646992829968254 0.644914910280594 0.025 0.025 
