8 0.6390189741373782 0.36253110356327856 0.055 0.055 
8 0.6159298555656341 0.41486643899256503 0.055 0.055 
8 0.5859140014223669 0.36791856456335215 0.055 0.055 
8 0.5328090287073556 0.4033218797066931 0.055 0.055 
8 0.5682123438506964 0.450269754135906 0.055 0.055 
8 0.5297304795644563 0.49721762856511886 0.055 0.055 
8 0.465080947563573 0.48721234385069645 0.055 0.055 
8 0.4874004288495922 0.5349298555656341 0.055 0.055 
8 0.5066413609927123 0.6041972112808663 0.055 0.055 
8 0.45584530013487534 0.578029543566223 0.055 0.055 
8 0.42659908327733287 0.5272334827083862 0.055 0.055 
8 0.39812250370551516 0.5811080927091222 0.055 0.055 
8 0.42736872056305764 0.6334434281384087 0.055 0.055 
8 0.35194426656202715 0.5534011504230294 0.055 0.055 
