2 0.24791160326332728 0.6181752650235666 0.15 0.15 
2 0.3686671159034238 0.7756824554236926 0.15 0.15 
2 0.4180193688954633 0.8575861944317581 0.15 0.15 
2 0.5219741145595465 0.7851328868477001 0.15 0.15 
2 0.735133845567717 0.45226769113543386 0.15 0.15 
2 0.8096872490237765 0.40186539020739365 0.15 0.15 
2 0.6868316405116783 0.3672138083193659 0.15 0.15 
2 0.5860270386555977 0.33886251404734324 0.15 0.15 
2 0.48312234092751527 0.3241618429433314 0.15 0.15 
2 0.36341687622341967 0.3514630892793533 0.15 0.15 
2 0.26366232230333986 0.3777142876793742 0.15 0.15 
2 0.440070375551481 0.40921572575939946 0.15 0.15 
2 0.5629259840635792 0.4344168762234196 0.15 0.15 
