8 0.6324751364249434 0.46466249985040187 0.055 0.055 
8 0.5778308891384825 0.448500116850181 0.055 0.055 
8 0.5316526519949943 0.4146360762782898 0.055 0.055 
8 0.47700840470853334 0.40309151699241785 0.055 0.055 
8 0.42467306927924686 0.449269754135906 0.055 0.055 
8 0.36310208642126274 0.47081959813620033 0.055 0.055 
8 0.4108195981362003 0.5062229132795413 0.055 0.055 
8 0.46315493356548687 0.5093014624224405 0.055 0.055 
8 0.486244052137231 0.4592750388503283 0.055 0.055 
8 0.5347312011378935 0.4877516184221461 0.055 0.055 
8 0.5932236348529785 0.5062229132795413 0.055 0.055 
8 0.6078467432817496 0.5585582487088279 0.055 0.055 
8 0.5547417705667383 0.553940424994479 0.055 0.055 
8 0.5070242588518006 0.5370084047085333 0.055 0.055 
8 0.49701897413737817 0.5870348282806455 0.055 0.055 
8 0.4462229132795412 0.5639457097089013 0.055 0.055 
8 0.3877304795644564 0.5716420825661495 0.055 0.055 
