0 0.9121443914879017 0.6622301065596514 0.08 0.08 
0 0.9446958775039278 0.5320241624955473 0.08 0.08 
0 0.844941323583848 0.4721714301434994 0.08 0.08 
0 0.7682878242557867 0.5110232037755305 0.08 0.08 
0 0.8071395978878178 0.5845265592955893 0.08 0.08 
0 0.7472868655357698 0.6548797710076455 0.08 0.08 
0 0.6884841811197229 0.7283831265277043 0.08 0.08 
0 0.6391319281276834 0.802936529983764 0.08 0.08 
0 0.601330202431653 0.7157825512956943 0.08 0.08 
0 0.6422820719356859 0.6433292437116362 0.08 0.08 
0 0.6979346125437305 0.580326367551586 0.08 0.08 
0 0.681133845567717 0.5036728682235245 0.08 0.08 
0 0.7000347084157321 0.39761802668743973 0.08 0.08 
0 0.6055303941756565 0.44697027967947933 0.08 0.08 
0 0.5876795792636422 0.5509250253435625 0.08 0.08 
0 0.548827805631611 0.645429339583638 0.08 0.08 
0 0.43017238886351616 0.684281113215669 0.08 0.08 
0 0.48582492947156075 0.5960770865915985 0.08 0.08 
0 0.5278268469115943 0.46482109459149357 0.08 0.08 
0 0.5834793875196389 0.3629664447994121 0.08 0.08 
0 0.5309769907195969 0.28946308927935327 0.08 0.08 
0 0.4469731558395297 0.31886443148737675 0.08 0.08 
0 0.4679741145595465 0.402868266367444 0.08 0.08 
0 0.3913206152314851 0.43436970444746914 0.08 0.08 
0 0.3356680746234406 0.37136682828741885 0.08 0.08 
0 0.4375227244155221 0.5131232996475321 0.08 0.08 
0 0.39342071110348686 0.5897767989755935 0.08 0.08 
0 0.3188673076474272 0.6748306817916615 0.08 0.08 
0 0.2957662530554087 0.5866266551675909 0.08 0.08 
0 0.3482686498554507 0.5152233955195338 0.08 0.08 
0 0.25061419180737254 0.5162734434555347 0.08 0.08 
0 0.1697605007353079 0.5351743063035498 0.08 0.08 
0 0.09100690553524493 0.4522205193594835 0.08 0.08 
0 0.1897114115193239 0.4522205193594835 0.08 0.08 
0 0.2716151505273894 0.42491927302346166 0.08 0.08 
0 0.2054621305593365 0.35876625305540866 0.08 0.08 
