8 0.5630299148156481 0.5899702796794792 0.055 0.055 
8 0.5084274221436044 0.572119464767465 0.055 0.055 
8 0.4496247377275573 0.5836699920634743 0.055 0.055 
8 0.46747555263957163 0.637222436799517 0.055 0.055 
8 0.5220780453116153 0.6267219574395086 0.055 0.055 
8 0.4401743063035498 0.525917355583428 0.055 0.055 
8 0.5052772783356019 0.5091165886074145 0.055 0.055 
8 0.4800761278715818 0.4366632810233566 0.055 0.055 
8 0.42442358726353724 0.42091256198334404 0.055 0.055 
8 0.5231280932476162 0.39256126771132127 0.055 0.055 
8 0.5430790040316321 0.4566141918073725 0.055 0.055 
8 0.5955814008316741 0.447163760383365 0.055 0.055 
8 0.6123821678076875 0.3873110280313171 0.055 0.055 
8 0.35197027967947925 0.4125121784953374 0.055 0.055 
