6 0.5531972961335702 0.5922054285409823 0.03 0.03 
6 0.5189945870651097 0.5585057004882346 0.03 0.03 
6 0.49937832745231625 0.5298357825926132 0.03 0.03 
6 0.47171437158812024 0.5167582761840842 0.03 0.03 
6 0.43046992829968256 0.5182672192312221 0.03 0.03 
6 0.5054140996408681 0.49261518742987687 0.03 0.03 
6 0.4757382197138216 0.4699810417228074 0.03 0.03 
6 0.5265393023007996 0.4599214214085543 0.03 0.03 
6 0.48076802987094813 0.43276044656007095 0.03 0.03 
6 0.5280482453479375 0.42420976929295595 0.03 0.03 
