8 0.2864684085636465 0.45417535084973937 0.055 0.055 
8 0.346500116850181 0.448018252563941 0.055 0.055 
8 0.41038001156533965 0.45494498813546425 0.055 0.055 
8 0.38421234385069647 0.3941436425632049 0.055 0.055 
8 0.42885130642273495 0.35335286641979047 0.055 0.055 
8 0.47041171985187424 0.3087139038477519 0.055 0.055 
8 0.44424405213723095 0.40568820184907695 0.055 0.055 
8 0.5504539975672537 0.4118453001348753 0.055 0.055 
8 0.6058678821394394 0.40491856456335207 0.055 0.055 
8 0.6628210412830746 0.3972221917061042 0.055 0.055 
8 0.6258784515682843 0.45494498813546425 0.055 0.055 
8 0.5827787635676953 0.4841912049930067 0.055 0.055 
8 0.5304434281384088 0.4634109982784371 0.055 0.055 
8 0.5158203197096376 0.5118981472790995 0.055 0.055 
8 0.4642546215660758 0.4872697541359059 0.055 0.055 
8 0.4273120318512854 0.5265212557078708 0.055 0.055 
8 0.3857516184221461 0.49573576427887867 0.055 0.055 
8 0.3318770084214099 0.5149766964219988 0.055 0.055 
8 0.4380869538514326 0.5726994928513589 0.055 0.055 
8 0.4873437401378199 0.5557674725654134 0.055 0.055 
8 0.54506653656718 0.5696209437084597 0.055 0.055 
8 0.6104857058537883 0.5319087167079444 0.055 0.055 
8 0.6027893329965401 0.5873226012801303 0.055 0.055 
8 0.6574335802830011 0.6081028079946998 0.055 0.055 
8 0.6143338922824122 0.6496632214238391 0.055 0.055 
8 0.5643074687103 0.6650559671383351 0.055 0.055 
8 0.5242863298526104 0.6219562791377462 0.055 0.055 
8 0.49350083842361825 0.6650559671383351 0.055 0.055 
8 0.4565582487088278 0.6181080927091223 0.055 0.055 
8 0.529673790852684 0.35489214099124 0.055 0.055 
