6 0.6010315964258435 0.9508296714275795 0.03 0.03 
6 0.6205571457117066 0.9096090673796463 0.03 0.03 
6 0.5807828786479114 0.9081627303955082 0.03 0.03 
6 0.46073690896445696 0.3397522956292719 0.03 0.03 
6 0.42530165285307575 0.32022674634340886 0.03 0.03 
6 0.4281943268213517 0.35855467642306593 0.03 0.03 
6 0.3985444186465227 0.38024973118513605 0.03 0.03 
6 0.3942054076941086 0.3404754641213409 0.03 0.03 
6 0.3471994557096234 0.32962793674030577 0.03 0.03 
6 0.32839707491582937 0.29925486007340774 0.03 0.03 
6 0.9148867219837908 0.35783150793099694 0.03 0.03 
