6 0.5792986506678004 0.5289490611896941 0.03 0.03 
6 0.5471078656621906 0.5153685737654524 0.03 0.03 
6 0.5295035301122477 0.4866986558698311 0.03 0.03 
6 0.5028455362794771 0.4630585481313365 0.03 0.03 
6 0.4626070550224647 0.44344228851854295 0.03 0.03 
6 0.44097887134682057 0.4746271114927274 0.03 0.03 
6 0.437458004236832 0.5063149154826246 0.03 0.03 
6 0.4711577322895798 0.5244222320482802 0.03 0.03 
6 0.48524120072953414 0.49273442805838297 0.03 0.03 
6 0.5058634223737529 0.5193924218911536 0.03 0.03 
6 0.5335273782379489 0.5440384916610737 0.03 0.03 
