8 0.6340318322556817 0.543021286335497 0.055 0.055 
8 0.5867796751356438 0.5587720053755094 0.055 0.055 
8 0.5416276138876077 0.5902734434555347 0.055 0.055 
8 0.545827805631611 0.6564264634235877 0.055 0.055 
8 0.5962301065596515 0.6301752650235666 0.055 0.055 
8 0.49647555263957166 0.6333254088315692 0.055 0.055 
8 0.4691743063035497 0.5860732517115315 0.055 0.055 
8 0.4156218615675069 0.6028740186875448 0.055 0.055 
8 0.37992023174347844 0.5556218615675069 0.055 0.055 
8 0.34316855398344903 0.5073196565114684 0.055 0.055 
8 0.31796740351942887 0.5598220533115104 0.055 0.055 
8 0.37677008793547584 0.46006749939143066 0.055 0.055 
8 0.3295179308154381 0.4149154381433945 0.055 0.055 
8 0.38412042348748177 0.3792138083193659 0.055 0.055 
8 0.4240222450555138 0.4222657736954003 0.055 0.055 
8 0.4513234913915355 0.4716180266874397 0.055 0.055 
8 0.4607739228155431 0.5304207111034869 0.055 0.055 
8 0.4985756485115733 0.4915689374714558 0.055 0.055 
8 0.5090761278715817 0.5472214780795002 0.055 0.055 
8 0.5573783329276203 0.5146699920634742 0.055 0.055 
8 0.6193311611516699 0.49996932095946245 0.055 0.055 
8 0.6046304900476582 0.444316780351418 0.055 0.055 
8 0.553178141183617 0.46006749939143066 0.055 0.055 
8 0.5531781411836171 0.40441495878338607 0.055 0.055 
8 0.5027758402555766 0.438016492735413 0.055 0.055 
8 0.6361319281276834 0.4023148629113844 0.055 0.055 
8 0.593079962751649 0.37081342483135915 0.055 0.055 
8 0.6046304900476582 0.31516088422331456 0.055 0.055 
