2 0.7544829837803398 0.7076595893751514 0.15 0.15 
2 0.787874472706297 0.6259383138458354 0.15 0.15 
2 0.864323407878883 0.5090681026049856 0.15 0.15 
2 0.9091383009110886 0.410651082612691 0.15 0.15 
2 0.8291744721673492 0.33156597726173986 0.15 0.15 
2 0.7290000053894778 0.3482617217247185 0.15 0.15 
2 0.7992978768125454 0.41768086975499774 0.15 0.15 
2 0.5681936245092107 0.7129319297318817 0.15 0.15 
2 0.2571255434621367 0.3131127860131846 0.15 0.15 
2 0.40211490327221344 0.324536190119433 0.15 0.15 
2 0.2544893732837715 0.548610655280461 0.15 0.15 
2 0.14464894918522841 0.5345510809958476 0.15 0.15 
2 0.869595748235613 0.6566936325934275 0.15 0.15 
2 0.6288255386116064 0.45107235868095474 0.15 0.15 
2 0.5769808584370941 0.5626702295650745 0.15 0.15 
2 0.5488617098678671 0.6162723565251635 0.15 0.15 
2 0.6261893684332416 0.6514212922366973 0.15 0.15 
2 0.4302340518414405 0.5626702295650745 0.15 0.15 
2 0.2430659691775231 0.4651319329655682 0.15 0.15 
2 0.5207425612986402 0.4695255499295099 0.15 0.15 
