2 0.7011309694076666 0.33130719315125 0.15 0.15 
2 0.6108268469115943 0.41531102803131714 0.15 0.15 
2 0.5572744021755515 0.311356282367234 0.15 0.15 
2 0.5194726764795213 0.4048105486713087 0.15 0.15 
2 0.5625246418555557 0.5234659654394037 0.15 0.15 
2 0.4785208069754885 0.47201361657536256 0.15 0.15 
2 0.422868266367444 0.554967403519429 0.15 0.15 
2 0.41026769113543393 0.6547219574395087 0.15 0.15 
2 0.49322147807950023 0.7145746897915566 0.15 0.15 
2 0.5782753608955682 0.6452715260155011 0.15 0.15 
2 0.7158316405116782 0.4741137124473641 0.15 0.15 
2 0.3273139041913675 0.6200703755514809 0.15 0.15 
2 0.3273139041913675 0.515065581951397 0.15 0.15 
2 0.2926623223033398 0.3565083436152702 0.15 0.15 
