6 0.4877620678395227 0.5902233146352582 0.03 0.03 
6 0.47418158041528113 0.5479729093153953 0.03 0.03 
6 0.485750143776672 0.5167880863412108 0.03 0.03 
6 0.4565772448653381 0.4986807697755552 0.03 0.03 
6 0.4434997384568091 0.5248357825926132 0.03 0.03 
6 0.41835068767117645 0.5027046179012564 0.03 0.03 
6 0.424889440875441 0.5535057004882344 0.03 0.03 
6 0.4087940483726361 0.45693334547140485 0.03 0.03 
6 0.4424937764253839 0.4679989278170833 0.03 0.03 
6 0.4877620678395227 0.4679989278170833 0.03 0.03 
6 0.5119051565937301 0.43631112382718606 0.03 0.03 
6 0.5139170806565807 0.49817778875984253 0.03 0.03 
6 0.5199528528451326 0.533889440875441 0.03 0.03 
6 0.5320243972222363 0.5655772448653382 0.03 0.03 
6 0.5943940431706054 0.5001897128226932 0.03 0.03 
6 0.5642151822278461 0.48208239625703764 0.03 0.03 
6 0.5320243972222363 0.46850190883279597 0.03 0.03 
6 0.5752807645735245 0.45089757328285307 0.03 0.03 
6 0.6074715495791343 0.4342991997643355 0.03 0.03 
