8 0.7821886871038017 0.4903148629113844 0.055 0.055 
8 0.5574784287996221 0.4672138083193659 0.055 0.055 
8 0.5301771824636002 0.40736107596731796 0.055 0.055 
8 0.4556237790075405 0.4441127537273474 0.055 0.055 
8 0.40522147807950026 0.4315121784953374 0.055 0.055 
8 0.39787114252749434 0.4819144794233776 0.055 0.055 
8 0.4419731558395297 0.5081656778233986 0.055 0.055 
8 0.49447555263957166 0.5060655819513971 0.055 0.055 
8 0.5081261758075826 0.5722186019194498 0.055 0.055 
8 0.5081261758075826 0.6278711425274943 0.055 0.055 
8 0.4094216698235036 0.5617181225594414 0.055 0.055 
