8 0.5669094382813815 0.5781179405645299 0.055 0.055 
8 0.33063079156386743 0.9598580342840317 0.055 0.055 
8 0.5961556551389241 0.538866438992565 0.055 0.055 
8 0.6323286075679897 0.47344726970595685 0.055 0.055 
8 0.6785068447114779 0.4303475817053679 0.055 0.055 
8 0.6677319227113306 0.37262478527600784 0.055 0.055 
8 0.6015431161389977 0.4303475817053679 0.055 0.055 
8 0.5699879874242808 0.38570861913332943 0.055 0.055 
8 0.549977417995436 0.4934578391348017 0.055 0.055 
8 0.5099562791377463 0.45728488670573597 0.055 0.055 
8 0.4899457097089014 0.5019238492777744 0.055 0.055 
8 0.5215008384236183 0.5481020864212627 0.055 0.055 
8 0.43376218785099085 0.5219344187066193 0.055 0.055 
8 0.44376747256541327 0.47575618156313126 0.055 0.055 
8 0.38912322527895227 0.47344726970595685 0.055 0.055 
8 0.35602882199278585 0.48653110356327856 0.055 0.055 
8 0.30138457470632485 0.44727960199131356 0.055 0.055 
8 0.3544895474213363 0.4203422969909456 0.055 0.055 
