10 0.8357969320959463 0.9344813049596725 0.08 0.08 
10 0.7412926178558706 0.786424545983554 0.08 0.08 
10 0.5323330785917034 0.7591232996475321 0.08 0.08 
10 0.48613096940766654 0.6709192730234617 0.08 0.08 
10 0.4556795792636421 0.5869154381433945 0.08 0.08 
10 0.5480837976317161 0.610016492735413 0.08 0.08 
10 0.5207825512956943 0.523912561983344 0.08 0.08 
10 0.5995361464957574 0.4766604048633062 0.08 0.08 
10 0.3296738269435414 0.5890155340153962 0.08 0.08 
10 0.6446882077437934 0.29080192019115747 0.08 0.08 
10 0.6289374887037809 0.21309837292709544 0.08 0.08 
10 0.5648845646077296 0.2677008655991392 0.08 0.08 
10 0.4787806338556606 0.30970278303917276 0.08 0.08 
10 0.41682780563161115 0.3611551319032138 0.08 0.08 
10 0.35697507327956324 0.3118028789111743 0.08 0.08 
10 0.27507133427149777 0.3076026871671711 0.08 0.08 
10 0.6026862903037599 0.11124372313501385 0.08 0.08 
10 0.5344331744637052 0.1490454488310443 0.08 0.08 
10 0.5648845646077296 0.05139099078296616 0.08 0.08 
