8 0.8806429534078766 0.501912561983344 0.055 0.055 
8 0.8690924261118673 0.5880164927354129 0.055 0.055 
8 0.824990412799832 0.6300184101754466 0.055 0.055 
8 0.7945390226558077 0.6772705672954843 0.055 0.055 
8 0.7525371052157741 0.7318730599675279 0.055 0.055 
8 0.7052849480957363 0.7686247377275574 0.055 0.055 
8 0.6664331744637052 0.8085265592955893 0.055 0.055 
8 0.6338816884476791 0.751823970751544 0.055 0.055 
8 0.6968845646077295 0.7140222450555138 0.055 0.055 
8 0.7346862903037599 0.673070375551481 0.055 0.055 
8 0.766187728383785 0.6258182184314431 0.055 0.055 
8 0.8060895499518169 0.5722657736954003 0.055 0.055 
8 0.8302406524798362 0.5313139041913675 0.055 0.055 
8 0.7714379680637892 0.5040126578553458 0.055 0.055 
8 0.8144899334398237 0.45361035692730534 0.055 0.055 
8 0.7609374887037808 0.4294592543992861 0.055 0.055 
8 0.7252358588797523 0.4851117950073306 0.055 0.055 
8 0.7042349001597354 0.43470949407929027 0.055 0.055 
8 0.6916343249277254 0.3822070972792483 0.055 0.055 
8 0.7514870572797733 0.5596651984633902 0.055 0.055 
8 0.713685331583743 0.6037672117754255 0.055 0.055 
8 0.6842839893757195 0.6573196565114683 0.055 0.055 
8 0.6496324074876918 0.693021286335497 0.055 0.055 
8 0.601330202431653 0.6709702796794793 0.055 0.055 
8 0.654882647167696 0.6079674035194289 0.055 0.055 
8 0.48897507327956324 0.7486738269435413 0.055 0.055 
8 0.5267767989755935 0.693021286335497 0.055 0.055 
8 0.5372772783356018 0.6373687457274524 0.055 0.055 
8 0.5803292437116363 0.6279183143034448 0.055 0.055 
8 0.5992301065596515 0.5911666365434154 0.055 0.055 
8 0.621281113215669 0.5439144794233777 0.055 0.055 
8 0.5561781411836171 0.554414958783386 0.055 0.055 
8 0.5677286684796263 0.4893119867513339 0.055 0.055 
8 0.6139307776636632 0.45361035692730534 0.055 0.055 
8 0.6443821678076875 0.41160843948727177 0.055 0.055 
8 0.6391319281276834 0.35175570713522397 0.055 0.055 
8 0.6569827430396977 0.299253310335182 0.055 0.055 
8 0.5876795792636422 0.3433553236472172 0.055 0.055 
8 0.5351771824636002 0.3822070972792483 0.055 0.055 
8 0.5855794833916406 0.39060748076725493 0.055 0.055 
8 0.5509279015036128 0.4294592543992861 0.055 0.055 
8 0.483724833599559 0.43050930233528695 0.055 0.055 
8 0.5110260799355809 0.4861618429433314 0.055 0.055 
8 0.5057758402555766 0.5397142876793742 0.055 0.055 
8 0.49632540883156917 0.5953668282874188 0.055 0.055 
8 0.431222436799517 0.5901165886074146 0.055 0.055 
8 0.38292023174347845 0.6258182184314431 0.055 0.055 
8 0.3745198482554717 0.5649154381433945 0.055 0.055 
8 0.3955208069754885 0.6825208069754886 0.055 0.055 
8 0.34616855398344903 0.6573196565114683 0.055 0.055 
8 0.32411754732743137 0.7203225326715188 0.055 0.055 
8 0.3388182184314431 0.6069173555834281 0.055 0.055 
8 0.3251675952634322 0.535514095935371 0.055 0.055 
8 0.35246884159945413 0.49036203468733486 0.055 0.055 
8 0.41547171775950453 0.4494101651833021 0.055 0.055 
8 0.4343725806075196 0.3916575287032559 0.055 0.055 
8 0.49737545676757 0.34125522777521555 0.055 0.055 
8 0.45327344345553466 0.28455263923117013 0.055 0.055 
8 0.4049712383994961 0.24570086559913917 0.055 0.055 
8 0.4217720053755095 0.33075474841520713 0.055 0.055 
8 0.36611946476746493 0.32865465254320547 0.055 0.055 
8 0.3083668282874188 0.31185388556719207 0.055 0.055 
8 0.26426481497538346 0.26565177638315507 0.055 0.055 
8 0.2621647191033818 0.2036989481591056 0.055 0.055 
8 0.2128124661113424 0.24255072179113657 0.055 0.055 
8 0.15085963788729284 0.2572513928951484 0.055 0.055 
8 0.10780767251125833 0.21524947545511464 0.055 0.055 
8 0.07630623443123319 0.26145158463915164 0.055 0.055 
8 0.1928615553273264 0.37380671379124153 0.055 0.055 
8 0.24641400006336922 0.3801070014072466 0.055 0.055 
8 0.25796452735937847 0.3234044128632013 0.055 0.055 
8 0.19811179500733056 0.3160540773111953 0.055 0.055 
8 0.31991735558342804 0.36750642617523654 0.055 0.055 
8 0.33986826636744394 0.4378596378872929 0.055 0.055 
8 0.28001553401539614 0.4221089188472802 0.055 0.055 
8 0.2884159175034029 0.5050627057913465 0.055 0.055 
8 0.2453639521273684 0.4725112197753206 0.055 0.055 
8 0.18761131564732214 0.4977123702393407 0.055 0.055 
8 0.18761131564732214 0.5470646232313803 0.055 0.055 
8 0.24011371244736412 0.5323639521273684 0.055 0.055 
8 0.29366615718340694 0.568065581951397 0.055 0.055 
8 0.24431390419136756 0.5964168762234197 0.055 0.055 
