8 0.6555823595516909 0.7329336538237137 0.055 0.055 
8 0.7038845646077295 0.6856814967036757 0.055 0.055 
8 0.6566324074876917 0.6499798668796473 0.055 0.055 
8 0.6062301065596515 0.6426295313276413 0.055 0.055 
8 0.6125303941756565 0.697232023999685 0.055 0.055 
8 0.602029914815648 0.7539346125437304 0.055 0.055 
8 0.5400770865915985 0.7654851398397396 0.055 0.055 
8 0.5579279015036128 0.7087825512956942 0.055 0.055 
8 0.49597507327956325 0.736083797631716 0.055 0.055 
8 0.5043754567675699 0.6814813049596724 0.055 0.055 
8 0.5442772783356018 0.6468297230716447 0.055 0.055 
8 0.438222436799517 0.7203330785917035 0.055 0.055 
8 0.42982205331151035 0.6615303941756565 0.055 0.055 
8 0.4119712383994961 0.5995775659516069 0.055 0.055 
8 0.31431678035141797 0.579626655167591 0.055 0.055 
8 0.35946884159945414 0.5995775659516069 0.055 0.055 
8 0.26076433561537515 0.5355246418555557 0.055 0.055 
8 0.2922657736954003 0.4966728682235245 0.055 0.055 
8 0.2649645273593785 0.45047075903948763 0.055 0.055 
8 0.21036203468733483 0.4158191771514599 0.055 0.055 
8 0.163109877567297 0.38116759526343214 0.055 0.055 
8 0.15680958995129202 0.4399702796794793 0.055 0.055 
8 0.22401265785534574 0.3654168762234197 0.055 0.055 
8 0.2628644314873768 0.3234149587833861 0.055 0.055 
8 0.2723148629113844 0.3906180266874397 0.055 0.055 
8 0.3153668282874188 0.3528163009914096 0.055 0.055 
8 0.4707739228155431 0.270912561983344 0.055 0.055 
8 0.5285265592955893 0.28246308927935326 0.055 0.055 
8 0.5663282849916196 0.32446500671938694 0.055 0.055 
8 0.50437545676757 0.32131486291138434 0.055 0.055 
8 0.7322358588797522 0.4158191771514599 0.055 0.055 
8 0.7280356671357489 0.5512753608955683 0.055 0.055 
8 0.7028345166717287 0.6153282849916195 0.055 0.055 
8 0.38992023174347845 0.30241400006336927 0.055 0.055 
8 0.36996932095946244 0.3633167803514179 0.055 0.055 
8 0.37416951270346577 0.4294698003194709 0.055 0.055 
8 0.4172214780795003 0.4063687457274524 0.055 0.055 
8 0.4140713342714978 0.4630713342714978 0.055 0.055 
8 0.4256218615675069 0.5103234913915355 0.055 0.055 
8 0.4476728682235246 0.5596757443835749 0.055 0.055 
8 0.4770742104315482 0.5880270386555977 0.055 0.055 
8 0.5810289560956312 0.6027277097596095 0.055 0.055 
8 0.700734420799727 0.5124235872635372 0.055 0.055 
8 0.6807835100157111 0.5638759361275784 0.055 0.055 
8 0.6303812090876708 0.422119464767465 0.055 0.055 
8 0.6713330785917035 0.45047075903948763 0.055 0.055 
8 0.7112349001597355 0.4588711425274944 0.055 0.055 
8 0.5873292437116363 0.5197739228155431 0.055 0.055 
8 0.5852291478396346 0.47042166982350364 0.055 0.055 
8 0.6125303941756565 0.4893225326715187 0.055 0.055 
8 0.5946795792636422 0.43156989619147257 0.055 0.055 
8 0.5589779494396137 0.4189693209594625 0.055 0.055 
8 0.4875746897915566 0.47777200537550946 0.055 0.055 
8 0.5232763196155851 0.43366999206347423 0.055 0.055 
8 0.5190761278715817 0.5040232037755306 0.055 0.055 
8 0.5159259840635791 0.5649259840635792 0.055 0.055 
8 0.5621280932476161 0.5680761278715818 0.055 0.055 
8 0.6135804421116573 0.5607257923195759 0.055 0.055 
8 0.6513821678076875 0.5995775659516069 0.055 0.055 
8 0.49597507327956325 0.38431773907143474 0.055 0.055 
8 0.5505775659516069 0.3759173555834281 0.055 0.055 
8 0.6146304900476581 0.37171716383942466 0.055 0.055 
8 0.6734331744637052 0.4000684581114474 0.055 0.055 
8 0.48022435423955057 0.5355246418555557 0.055 0.055 
8 0.4487229161595254 0.33181534227139275 0.055 0.055 
8 0.43612234092751534 0.2940136165753625 0.055 0.055 
8 0.4088210945914935 0.3528163009914096 0.055 0.055 
8 0.4812744021755515 0.4189693209594625 0.055 0.055 
8 0.44977296409552625 0.4452205193594835 0.055 0.055 
8 0.7521867696637682 0.6006276138876078 0.055 0.055 
