8 0.6265801305534338 0.719817767458609 0.055 0.055 
8 0.5875290319817076 0.6728118154741238 0.055 0.055 
8 0.5390767430130844 0.6916141962679179 0.055 0.055 
8 0.48628544309204724 0.719817767458609 0.055 0.055 
8 0.399505224043767 0.7335579688079201 0.055 0.055 
8 0.36696264190066175 0.6807666688868829 0.055 0.055 
8 0.40095156102790497 0.6236363580134316 0.055 0.055 
8 0.42698562674238905 0.5795230799972224 0.055 0.055 
8 0.46169771436170115 0.5361329704730823 0.055 0.055 
8 0.4052905719803189 0.5267317800761853 0.055 0.055 
8 0.3640699679323858 0.5860315964258436 0.055 0.055 
8 0.3373127337258326 0.5383024759492894 0.055 0.055 
8 0.2794592543603124 0.5411951499175653 0.055 0.055 
8 0.2548715256299663 0.5860315964258436 0.055 0.055 
8 0.2917531187254855 0.6547326031723988 0.055 0.055 
8 0.3402054076941087 0.6352070538865358 0.055 0.055 
8 0.5079804978541174 0.6388228963468807 0.055 0.055 
8 0.5549864498386025 0.6200205155530867 0.055 0.055 
8 0.6106704237279157 0.6171278415848107 0.055 0.055 
8 0.6388739949186069 0.6684728045217099 0.055 0.055 
8 0.6265801305534338 0.5701218896003255 0.055 0.055 
8 0.6822641044427471 0.5513195088065314 0.055 0.055 
8 0.649721522299642 0.5079293992823912 0.055 0.055 
8 0.6012692333310188 0.48985018698066607 0.055 0.055 
8 0.5911448744420527 0.4413978980120429 0.055 0.055 
8 0.5484779334099815 0.47249414317101 0.055 0.055 
8 0.5752351676165346 0.5346866334889442 0.055 0.055 
8 0.5231670361875664 0.5166074211872191 0.055 0.055 
8 0.5231670361875663 0.5751840690448085 0.055 0.055 
8 0.46169771436170115 0.48334167055204513 0.055 0.055 
8 0.38070284324997283 0.48117216507583804 0.055 0.055 
8 0.40167472951997385 0.43199670761514586 0.055 0.055 
8 0.3929967076151458 0.3647420378527285 0.055 0.055 
8 0.3611772939641097 0.3083348954713464 0.055 0.055 
8 0.40456740348824993 0.27940815578858624 0.055 0.055 
8 0.441448996583769 0.33798480364617545 0.055 0.055 
8 0.48628544309204724 0.30254954753479435 0.055 0.055 
8 0.5499242703941195 0.2627752804709992 0.055 0.055 
8 0.5484779334099815 0.31628974888410544 0.055 0.055 
8 0.5535401128544646 0.3712505542813497 0.055 0.055 
8 0.5470315964258435 0.41825650626583477 0.055 0.055 
8 0.4927939595206683 0.43344304459928384 0.055 0.055 
8 0.43855632261549304 0.3922224405513507 0.055 0.055 
8 0.49568663348894426 0.38354441864652267 0.055 0.055 
8 0.5954838853944667 0.33870797213824444 0.055 0.055 
8 0.6048850757913637 0.38860659809100573 0.055 0.055 
8 0.6374276579344689 0.43055037063100776 0.055 0.055 
8 0.6244106250772269 0.27940815578858624 0.055 0.055 
8 0.6800945989665401 0.27651548182031027 0.055 0.055 
8 0.688049452379299 0.484064839044114 0.055 0.055 
