8 0.7130894700782684 0.6358169443623956 0.055 0.055 
8 0.7152589755544754 0.5765171280127372 0.055 0.055 
8 0.6718688660303351 0.5410818719013561 0.055 0.055 
8 0.6682530235699902 0.6018280252351524 0.055 0.055 
8 0.619077566109298 0.6199072375368775 0.055 0.055 
8 0.621970240077574 0.5678391061079092 0.055 0.055 
8 0.621247071585505 0.50926245825032 0.055 0.055 
8 0.616908060633091 0.44345412547204066 0.055 0.055 
8 0.621970240077574 0.3819848036461755 0.055 0.055 
8 0.6696993605541283 0.4065725323765216 0.055 0.055 
8 0.6617445071413692 0.47165769666273183 0.055 0.055 
8 0.7239369974593035 0.4528553158689378 0.055 0.055 
8 0.7456320522213735 0.4036798584082455 0.055 0.055 
8 0.5597777497596398 0.3957250049954866 0.055 0.055 
8 0.5778569620613648 0.4767198761072149 0.055 0.055 
8 0.5706252771406748 0.5396355349172182 0.055 0.055 
8 0.5641167607120539 0.6126755526161873 0.055 0.055 
8 0.5597777497596397 0.6604046730927416 0.055 0.055 
8 0.5178339772196375 0.6358169443623956 0.055 0.055 
8 0.5301278415848106 0.5606074211872192 0.055 0.055 
8 0.5265119991244656 0.506369784282044 0.055 0.055 
8 0.5257888306323967 0.4543016528530758 0.055 0.055 
8 0.48167555261618733 0.43549927205928163 0.055 0.055 
8 0.4635963403144624 0.4853978980120429 0.055 0.055 
8 0.48022921563204946 0.5504830622982532 0.055 0.055 
8 0.4151440513458392 0.5823024759492893 0.055 0.055 
8 0.42382207325066723 0.5338501869806661 0.055 0.055 
8 0.41008187190135614 0.48178205555169795 0.055 0.055 
8 0.40718919793308006 0.43332976658307476 0.055 0.055 
8 0.377539289758251 0.38487747761445146 0.055 0.055 
8 0.33993452817066283 0.3472727160268634 0.055 0.055 
8 0.32330165285307577 0.39789451047169344 0.055 0.055 
8 0.3558442349961808 0.44779313642445473 0.055 0.055 
8 0.36090641444066385 0.501307604837561 0.055 0.055 
8 0.37464661578997493 0.5526525677744603 0.055 0.055 
8 0.29871392412272957 0.5606074211872192 0.055 0.055 
8 0.29871392412272957 0.512155132218596 0.055 0.055 
8 0.2965444186465227 0.44490046245617876 0.055 0.055 
8 0.26472500499548657 0.3906628255510035 0.055 0.055 
8 0.24592262420169242 0.45719432682135175 0.055 0.055 
8 0.24302995023341645 0.5179404801551479 0.055 0.055 
