6 0.566191334102145 0.6106070550224647 0.03 0.03 
6 0.548586998552202 0.5774103079854296 0.03 0.03 
6 0.5239409287822819 0.5497463521212336 0.03 0.03 
6 0.49275610580809737 0.5351599026655667 0.03 0.03 
6 0.47263686517959125 0.5633268395454752 0.03 0.03 
6 0.442458004236832 0.5834460801739814 0.03 0.03 
6 0.4484937764253839 0.5391837507912678 0.03 0.03 
6 0.42887751681259034 0.5044780607070948 0.03 0.03 
6 0.4223387636083259 0.46574852249722043 0.03 0.03 
6 0.45251762455108524 0.4486471679629901 0.03 0.03 
6 0.45955935877106235 0.4808379529686 0.03 0.03 
6 0.4706249411167407 0.5120227759427846 0.03 0.03 
6 0.45955935877106235 0.4124325348316791 0.03 0.03 
6 0.49024120072953414 0.43456369952303586 0.03 0.03 
6 0.4912471627609595 0.469269389607209 0.03 0.03 
6 0.5591495998821678 0.5427046179012565 0.03 0.03 
6 0.5516048846464779 0.5105138328956467 0.03 0.03 
6 0.5747420113692601 0.4803349719528873 0.03 0.03 
6 0.5551257517564665 0.45065909202584076 0.03 0.03 
6 0.5254498718294199 0.4355696615544612 0.03 0.03 
6 0.5143842894837416 0.4043848385802765 0.03 0.03 
6 0.5229349667508567 0.467760446560071 0.03 0.03 
6 0.51790515659373 0.5014601746128189 0.03 0.03 
