0 0.5599288602236295 0.6495698961914727 0.08 0.08 
0 0.6649336538237136 0.5204140000633692 0.08 0.08 
0 0.5788297230716447 0.4689616511993281 0.08 0.08 
0 0.629232023999685 0.4007085353592734 0.08 0.08 
0 0.6386824554236926 0.3104044128632013 0.08 0.08 
0 0.49692598406357924 0.4332600213752995 0.08 0.08 
0 0.4622744021755515 0.5298644314873768 0.08 0.08 
0 0.3929712383994961 0.5855169720954214 0.08 0.08 
0 0.30476721177542554 0.5834168762234196 0.08 0.08 
0 0.26171524639939103 0.50886347276736 0.08 0.08 
