10 0.7074350919037388 0.6096738269435413 0.08 0.08 
10 0.6643831265277044 0.5340703755514811 0.08 0.08 
10 0.6244813049596725 0.455316780351418 0.08 0.08 
10 0.6244813049596725 0.6012734434555347 0.08 0.08 
10 0.581429339583638 0.6684765113595885 0.08 0.08 
10 0.5635785246716237 0.5424707590394877 0.08 0.08 
10 0.5205265592955893 0.46476721177542546 0.08 0.08 
10 0.42812234092751533 0.43116567782339854 0.08 0.08 
10 0.49112521708756574 0.5414207111034868 0.08 0.08 
10 0.41237162188750276 0.5435208069754885 0.08 0.08 
10 0.3399183143034449 0.5183196565114683 0.08 0.08 
10 0.2706151505273894 0.48681821843144313 0.08 0.08 
10 0.4008210945914935 0.6212243542395506 0.08 0.08 
10 0.46487401868754474 0.27155839155127093 0.08 0.08 
10 0.3945208069754885 0.2075054674552198 0.08 0.08 
