10 0.9371453502079186 0.8846843728637261 0.08 0.08 
10 0.6798836058877127 0.6767748815355599 0.08 0.08 
10 0.43732253267151877 0.7460780453116154 0.08 0.08 
10 0.4310222450555138 0.6715246418555557 0.08 0.08 
10 0.36381917715145995 0.709326367551586 0.08 0.08 
10 0.2493639521273684 0.8584331744637053 0.08 0.08 
10 0.20211179500733056 0.7859798668796473 0.08 0.08 
10 0.20736203468733483 0.7082763196155851 0.08 0.08 
10 0.12440824774326853 0.7345275180156061 0.08 0.08 
10 0.09500690553524493 0.8027806338556607 0.08 0.08 
10 0.04985484428720888 0.6977758402555767 0.08 0.08 
10 0.15485963788729284 0.3166084394872718 0.08 0.08 
10 0.14855935027128775 0.12654976307111976 0.08 0.08 
10 0.22206270579134646 0.0813977018230837 0.08 0.08 
10 0.5843292437116363 0.11079904403110707 0.08 0.08 
10 0.8195399813758245 0.0414958802550518 0.08 0.08 
10 0.8846429534078766 0.08874803737508952 0.08 0.08 
10 0.822690125183827 0.14545062591913482 0.08 0.08 
10 0.7596872490237766 0.24625522777521558 0.08 0.08 
10 0.6882839893757196 0.2798567617272424 0.08 0.08 
10 0.6294813049596725 0.3365593502712877 0.08 0.08 
10 0.5528278056316112 0.37856126771132126 0.08 0.08 
10 0.796438926783806 0.46046500671938695 0.08 0.08 
10 0.8730924261118673 0.4888163009914096 0.08 0.08 
10 0.625281113215669 0.5875208069754885 0.08 0.08 
10 0.7638874407677799 0.0981984687990971 0.08 0.08 
10 0.19476145945532475 0.20215321446318035 0.08 0.08 
