8 0.3523076048375611 0.7742530235699903 0.055 0.055 
8 0.40365256777446024 0.7699140126175762 0.055 0.055 
8 0.4296866334889443 0.722908060633091 0.055 0.055 
8 0.37689533356790705 0.724354397617229 0.055 0.055 
8 0.31687234872617975 0.733755588014126 0.055 0.055 
8 0.33856740348825 0.6838569620613648 0.055 0.055 
8 0.3949745458696321 0.6672240867437778 0.055 0.055 
8 0.21418242285238132 0.6462522004737767 0.055 0.055 
8 0.2619115433289356 0.6194949662672236 0.055 0.055 
8 0.31904185420238684 0.5985230799972224 0.055 0.055 
8 0.3732794911075621 0.5674268348382554 0.055 0.055 
8 0.40292939928239113 0.5298220732506672 0.055 0.055 
8 0.4202854430920472 0.47558443634549186 0.055 0.055 
8 0.4470426772986005 0.4112224405513507 0.055 0.055 
8 0.46005971015584235 0.35626163515410647 0.055 0.055 
8 0.49838764023549964 0.32082637904272526 0.055 0.055 
8 0.44631950880653126 0.3049166722172073 0.055 0.055 
8 0.3949745458696321 0.28756062840755114 0.055 0.055 
8 0.41377692666342614 0.3410750968206574 0.055 0.055 
8 0.3942513773775631 0.43002482134514475 0.055 0.055 
8 0.3523076048375611 0.47847711031376794 0.055 0.055 
8 0.33278205555169793 0.5428391061079092 0.055 0.055 
8 0.2633578803130736 0.5573024759492893 0.055 0.055 
8 0.21852143380479538 0.5920145635686014 0.055 0.055 
8 0.24383233102721058 0.502341670552045 0.055 0.055 
8 0.18380934618548328 0.4972794911075621 0.055 0.055 
8 0.21924460229686438 0.4618442349961809 0.055 0.055 
8 0.22286044475720934 0.40760659809100575 0.055 0.055 
8 0.17657766126479324 0.4242394734085927 0.055 0.055 
8 0.33278205555169793 0.39169689126548757 0.055 0.055 
8 0.3002394734085927 0.34830678174134744 0.055 0.055 
8 0.5142973470610177 0.20294991483547775 0.055 0.055 
8 0.7825928576186177 0.6860264675375718 0.055 0.055 
8 0.7413722535706846 0.6187717977751546 0.055 0.055 
8 0.7001516495227514 0.6780716141248129 0.055 0.055 
8 0.6849651111893023 0.6252803142037755 0.055 0.055 
8 0.6307274742841271 0.6086474388861886 0.055 0.055 
8 0.6987053125386133 0.5724890142827384 0.055 0.055 
8 0.6386823276968863 0.5471781170603233 0.055 0.055 
8 0.6900272906337854 0.5168050403934251 0.055 0.055 
8 0.6365128222206791 0.4980026595996311 0.055 0.055 
8 0.6719480783320603 0.4481040336468699 0.055 0.055 
8 0.7146150193641315 0.42785531586893777 0.055 0.055 
8 0.7630673083327547 0.482092952774113 0.055 0.055 
8 0.7985025644441358 0.4459345281706628 0.055 0.055 
8 0.8223671246824129 0.3974822392020396 0.055 0.055 
8 0.8042879123806879 0.3410750968206574 0.055 0.055 
8 0.7702989932534448 0.40471392412272966 0.055 0.055 
8 0.7514966124596506 0.35770797213824446 0.055 0.055 
8 0.7232930412689595 0.29840815578858626 0.055 0.055 
8 0.6907504591258544 0.3410750968206574 0.055 0.055 
8 0.6603773824589563 0.39242005975755656 0.055 0.055 
8 0.6112019249982641 0.3678323310272106 0.055 0.055 
8 0.6328969797603341 0.3157641995982423 0.055 0.055 
8 0.5584106250772268 0.32154954753479437 0.055 0.055 
8 0.5381619072992948 0.37217134197962454 0.055 0.055 
8 0.4926022922989476 0.41845412547204064 0.055 0.055 
8 0.5519021086486058 0.4329174953134207 0.055 0.055 
8 0.591676375712401 0.513912366425149 0.055 0.055 
8 0.589506870236194 0.5804438676954974 0.055 0.055 
8 0.5815520168234349 0.6281729881720516 0.055 0.055 
8 0.5121278415848106 0.6513143799182597 0.055 0.055 
8 0.45789020467963537 0.6274498196799827 0.055 0.055 
8 0.4926022922989476 0.5927377320606704 0.055 0.055 
8 0.5410545812675708 0.5486244540444614 0.055 0.055 
8 0.5258680429341217 0.483539289758251 0.055 0.055 
8 0.4701840690448085 0.5334379157110122 0.055 0.055 
8 0.43402564444135827 0.5681500033303244 0.055 0.055 
8 0.4795852594417055 0.45461255007549084 0.055 0.055 
