8 0.17740728902325165 0.10165081766313822 0.055 0.055 
8 0.20155839155127087 0.1541532144631803 0.055 0.055 
8 0.21730911059128355 0.2234563782392357 0.055 0.055 
8 0.24461035692730537 0.2675583915512709 0.055 0.055 
8 0.29711275372734736 0.2434072890232517 0.055 0.055 
8 0.3538153422713928 0.26440824774326843 0.055 0.055 
8 0.40946788287943725 0.30746021311930294 0.055 0.055 
8 0.464070375551481 0.31481054867130875 0.055 0.055 
8 0.4840212863354969 0.2665083436152702 0.055 0.055 
8 0.43256893747145575 0.24130719315124993 0.055 0.055 
8 0.3769163968634113 0.19195494015921055 0.055 0.055 
8 0.5081723888635162 0.21400594681522822 0.055 0.055 
8 0.4409693209594625 0.3767633768953583 0.055 0.055 
8 0.3853167803514179 0.3662628975353499 0.055 0.055 
8 0.3538153422713928 0.3190107404153122 0.055 0.055 
8 0.299212849599349 0.3032600213752995 0.055 0.055 
8 0.22990968582329363 0.32216088422331457 0.055 0.055 
8 0.2593110280313171 0.37886347276736 0.055 0.055 
8 0.20155839155127087 0.3767633768953583 0.055 0.055 
8 0.31286347276736004 0.3620627057913465 0.055 0.055 
8 0.351715246399391 0.40826481497538347 0.055 0.055 
8 0.30026289753534996 0.4282157257593995 0.055 0.055 
8 0.21625906265528272 0.425065581951397 0.055 0.055 
8 0.2614111239033189 0.48071812255944146 0.055 0.055 
8 0.2089087271032769 0.4912186019194499 0.055 0.055 
8 0.2918625140473432 0.5269202317434785 0.055 0.055 
8 0.32336395212736846 0.4754678828794373 0.055 0.055 
8 0.38794190019142005 0.46076721177542546 0.055 0.055 
8 0.44621956063946666 0.43346596543940374 0.055 0.055 
8 0.5050222450555137 0.4124650067193869 0.055 0.055 
8 0.49557181363150615 0.3589125619833441 0.055 0.055 
8 0.2761117950073305 0.5867729640955263 0.055 0.055 
8 0.3349144794233777 0.5783725806075195 0.055 0.055 
8 0.40631773907143476 0.5699721971195129 0.055 0.055 
8 0.46197027967947935 0.5584216698235036 0.055 0.055 
8 0.4168182184314432 0.5185198482554718 0.055 0.055 
8 0.35066519846339017 0.5269202317434785 0.055 0.055 
8 0.46197027967947935 0.4912186019194499 0.055 0.055 
8 0.5050222450555137 0.5216699920634742 0.055 0.055 
8 0.516572772351523 0.4712676911354339 0.055 0.055 
8 0.5743254088315691 0.43136586956740197 0.055 0.055 
8 0.5774755526395716 0.48071812255944146 0.055 0.055 
8 0.40316759526343215 0.6298249294715608 0.055 0.055 
8 0.3380646232313802 0.6361252170875658 0.055 0.055 
8 0.28346213055933656 0.6518759361275783 0.055 0.055 
8 0.4483196565114683 0.601473635199538 0.055 0.055 
8 0.464070375551481 0.6455756485115733 0.055 0.055 
8 0.5144726764795212 0.6518759361275783 0.055 0.055 
8 0.4808711425274944 0.7043783329276203 0.055 0.055 
8 0.4672205193594834 0.7621309694076666 0.055 0.055 
8 0.5281232996475321 0.7106786205436254 0.055 0.055 
8 0.5858759361275784 0.6980780453116153 0.055 0.055 
8 0.5732753608955682 0.6644765113595885 0.055 0.055 
8 0.5543744980475531 0.6256247377275573 0.055 0.055 
8 0.5680251212155641 0.582572772351523 0.055 0.055 
8 0.509222436799517 0.5962233955195338 0.055 0.055 
8 0.5417739228155432 0.555271526015501 0.055 0.055 
8 0.5858759361275784 0.5237700879354759 0.055 0.055 
8 0.6331280932476162 0.5143196565114683 0.055 0.055 
8 0.6268278056316111 0.44396644479941205 0.055 0.055 
8 0.6520289560956313 0.39776433561537505 0.055 0.055 
8 0.8126862903037598 0.392514095935371 0.055 0.055 
8 0.8011357630077506 0.44396644479941205 0.055 0.055 
8 0.7948354753917455 0.49961898540745653 0.055 0.055 
8 0.844187728383785 0.5384707590394877 0.055 0.055 
8 0.8798893582078136 0.6959779494396137 0.055 0.055 
8 0.8189865779197648 0.7075284767356228 0.055 0.055 
8 0.7832849480957362 0.7547806338556606 0.055 0.055 
8 0.7402329827197018 0.7421800586236506 0.055 0.055 
8 0.71293173638368 0.7033282849916196 0.055 0.055 
8 0.7643840852477212 0.6907277097596094 0.055 0.055 
8 0.7759346125437304 0.627724833599559 0.055 0.055 
8 0.8494379680637891 0.6550260799355809 0.055 0.055 
8 0.6919307776636632 0.7495303941756565 0.055 0.055 
8 0.6488788122876288 0.7316795792636421 0.055 0.055 
8 0.6173773742076035 0.6980780453116153 0.055 0.055 
8 0.6614793875196389 0.6161743063035497 0.055 0.055 
8 0.6740799627516489 0.5626218615675069 0.055 0.055 
8 0.6299779494396136 0.5668220533115103 0.055 0.055 
8 0.601626655167591 0.5983234913915355 0.055 0.055 
8 0.6257777576956103 0.6445256005755725 0.055 0.055 
8 0.7517835100157111 0.4754678828794373 0.055 0.055 
8 0.6772301065596514 0.46706749939143055 0.055 0.055 
8 0.7276324074876918 0.575222436799517 0.055 0.055 
