8 0.5314693696038992 0.580631464679003 0.055 0.055 
8 0.47346444236270047 0.5871980602157425 0.055 0.055 
8 0.4805782541941682 0.5182488070799778 0.055 0.055 
8 0.4307815713738937 0.49964345305921587 0.055 0.055 
8 0.40560962181639226 0.44437460729165856 0.055 0.055 
8 0.4619729001734063 0.4564133657756808 0.055 0.055 
8 0.5188833948251486 0.4646216101966053 0.055 0.055 
8 0.5697745102348797 0.43561914657600587 0.055 0.055 
8 0.5829077013083586 0.48541582939628025 0.055 0.055 
8 0.5413192629090086 0.5182488070799778 0.055 0.055 
