6 0.5362032581649955 0.6013783274523162 0.03 0.03 
6 0.5030065111279604 0.6033902515151669 0.03 0.03 
6 0.478863422373753 0.6305512263636501 0.03 0.03 
6 0.46930678307521245 0.5943365932323391 0.03 0.03 
6 0.488923042688006 0.5656666753367178 0.03 0.03 
6 0.5211138276936159 0.5722054285409823 0.03 0.03 
6 0.5522986506678005 0.5510802258810509 0.03 0.03 
6 0.5125631504265008 0.5380027194725219 0.03 0.03 
6 0.5437479734006854 0.517380497828303 0.03 0.03 
6 0.5568254798092144 0.48418375079126785 0.03 0.03 
6 0.5497837455892371 0.44646017461281884 0.03 0.03 
6 0.5236287327721791 0.4756330735241526 0.03 0.03 
6 0.5030065111279604 0.5043029914197741 0.03 0.03 
6 0.4647799539337987 0.5198954029068663 0.03 0.03 
6 0.4290683018182002 0.5093328015769005 0.03 0.03 
6 0.4456666753367179 0.47814797860271596 0.03 0.03 
6 0.46377399190237334 0.45350190883279595 0.03 0.03 
6 0.478863422373753 0.4238260289057494 0.03 0.03 
6 0.5060243972222364 0.3931441869472775 0.03 0.03 
6 0.5236287327721793 0.41980218078004816 0.03 0.03 
6 0.4919409287822819 0.4630585481313365 0.03 0.03 
6 0.5040124731593857 0.4399214214085544 0.03 0.03 
6 0.47685149831090234 0.48569269383840585 0.03 0.03 
6 0.41951166251965977 0.4514899847699453 0.03 0.03 
6 0.5321794100392944 0.3710130222559208 0.03 0.03 
