10 0.9129961651199328 0.8991395978878177 0.08 0.08 
10 0.8562935765758874 0.8098855233277463 0.08 0.08 
10 0.6189827430396977 0.6009259840635792 0.08 0.08 
10 0.45517526502356653 0.4150674993914306 0.08 0.08 
10 0.4971771824636002 0.3321137124473641 0.08 0.08 
10 0.48562665516759107 0.22080863123127514 0.08 0.08 
10 0.43522435423955064 0.15360556332722142 0.08 0.08 
10 0.41632349139153557 0.23025906265528273 0.08 0.08 
10 0.44257468979155656 0.2890617470713297 0.08 0.08 
10 0.4278740186875448 0.35626481497538354 0.08 0.08 
10 0.3848220533115103 0.3058625140473432 0.08 0.08 
10 0.400572772351523 0.4476189854074565 0.08 0.08 
10 0.32916951270346584 0.4276680746234406 0.08 0.08 
10 0.348070375551481 0.4948711425274944 0.08 0.08 
10 0.3417700879354759 0.3615150546553878 0.08 0.08 
10 0.27351697209542136 0.3678153422713928 0.08 0.08 
10 0.28296740351942895 0.8707883036157951 0.08 0.08 
10 0.21996452735937855 0.8980895499518169 0.08 0.08 
