10 0.29256490809626123 0.6096738269435413 0.08 0.08 
10 0.33561687347229563 0.5340703755514811 0.08 0.08 
10 0.37551869504032753 0.455316780351418 0.08 0.08 
10 0.37551869504032753 0.6012734434555347 0.08 0.08 
10 0.41857066041636204 0.6684765113595885 0.08 0.08 
10 0.4364214753283763 0.5424707590394877 0.08 0.08 
10 0.47947344070441067 0.46476721177542546 0.08 0.08 
10 0.5718776590724847 0.43116567782339854 0.08 0.08 
10 0.5088747829124343 0.5414207111034868 0.08 0.08 
10 0.5876283781124972 0.5435208069754885 0.08 0.08 
10 0.6600816856965551 0.5183196565114683 0.08 0.08 
10 0.7293848494726106 0.48681821843144313 0.08 0.08 
10 0.5991789054085065 0.6212243542395506 0.08 0.08 
10 0.5351259813124553 0.27155839155127093 0.08 0.08 
10 0.6054791930245115 0.2075054674552198 0.08 0.08 
