8 0.42225822943326163 0.6327780419942581 0.055 0.055 
8 0.42995460229050964 0.5781337947077972 0.055 0.055 
8 0.38531563971847116 0.5327251948500338 0.055 0.055 
8 0.36453543300390145 0.46345783913480165 0.055 0.055 
8 0.4284153277190601 0.4519132798489297 0.055 0.055 
8 0.4276456904333352 0.5080968017068401 0.055 0.055 
8 0.49691304614856746 0.5627410489933011 0.055 0.055 
8 0.47690247671972263 0.6143067471368628 0.055 0.055 
8 0.5461698324349548 0.6420136894229558 0.055 0.055 
8 0.5361645477205323 0.5912176285651188 0.055 0.055 
8 0.5654107645780748 0.54811794056453 0.055 0.055 
8 0.6400655812933806 0.5327251948500338 0.055 0.055 
8 0.5423216460063307 0.4934736932780689 0.055 0.055 
8 0.6062015407214894 0.4649971137062513 0.055 0.055 
8 0.4930648597199434 0.4826987712779217 0.055 0.055 
8 0.5515572934350285 0.44498654427740647 0.055 0.055 
8 0.509996880005889 0.4057350427054415 0.055 0.055 
8 0.45073480900507934 0.40419576813399194 0.055 0.055 
8 0.4884470360055946 0.353399707276155 0.055 0.055 
8 0.5454001951492301 0.3695620902763759 0.055 0.055 
8 0.5954266187213422 0.40188685627681753 0.055 0.055 
