8 0.46853063039610077 0.580631464679003 0.055 0.055 
8 0.5265355576372995 0.5871980602157425 0.055 0.055 
8 0.5194217458058318 0.5182488070799778 0.055 0.055 
8 0.5692184286261063 0.49964345305921587 0.055 0.055 
8 0.5943903781836077 0.44437460729165856 0.055 0.055 
8 0.5380270998265937 0.4564133657756808 0.055 0.055 
8 0.48111660517485144 0.4646216101966053 0.055 0.055 
8 0.4302254897651203 0.43561914657600587 0.055 0.055 
8 0.41709229869164144 0.48541582939628025 0.055 0.055 
8 0.45868073709099144 0.5182488070799778 0.055 0.055 
