10 0.08700383488006724 0.8991395978878177 0.08 0.08 
10 0.14370642342411255 0.8098855233277463 0.08 0.08 
10 0.3810172569603023 0.6009259840635792 0.08 0.08 
10 0.5448247349764335 0.4150674993914306 0.08 0.08 
10 0.5028228175363998 0.3321137124473641 0.08 0.08 
10 0.5143733448324089 0.22080863123127514 0.08 0.08 
10 0.5647756457604494 0.15360556332722142 0.08 0.08 
10 0.5836765086084644 0.23025906265528273 0.08 0.08 
10 0.5574253102084434 0.2890617470713297 0.08 0.08 
10 0.5721259813124552 0.35626481497538354 0.08 0.08 
10 0.6151779466884897 0.3058625140473432 0.08 0.08 
10 0.599427227648477 0.4476189854074565 0.08 0.08 
10 0.6708304872965342 0.4276680746234406 0.08 0.08 
10 0.651929624448519 0.4948711425274944 0.08 0.08 
10 0.6582299120645241 0.3615150546553878 0.08 0.08 
10 0.7264830279045786 0.3678153422713928 0.08 0.08 
10 0.717032596480571 0.8707883036157951 0.08 0.08 
10 0.7800354726406215 0.8980895499518169 0.08 0.08 
