6 0.4207013493321996 0.5289490611896941 0.03 0.03 
6 0.4528921343378094 0.5153685737654524 0.03 0.03 
6 0.4704964698877523 0.4866986558698311 0.03 0.03 
6 0.49715446372052285 0.4630585481313365 0.03 0.03 
6 0.5373929449775353 0.44344228851854295 0.03 0.03 
6 0.5590211286531794 0.4746271114927274 0.03 0.03 
6 0.562541995763168 0.5063149154826246 0.03 0.03 
6 0.5288422677104202 0.5244222320482802 0.03 0.03 
6 0.5147587992704659 0.49273442805838297 0.03 0.03 
6 0.4941365776262471 0.5193924218911536 0.03 0.03 
6 0.46647262176205107 0.5440384916610737 0.03 0.03 
