8 0.04602113885768966 0.3385462361331085 0.055 0.055 
8 0.10220466071560019 0.31776602941853893 0.055 0.055 
8 0.09527792514407696 0.38164592413369747 0.055 0.055 
8 0.3623420632905834 0.8249570007111835 0.055 0.055 
8 0.3723473480050057 0.7587681941388504 0.055 0.055 
8 0.34002258200456414 0.7210559671383352 0.055 0.055 
8 0.3923579174338506 0.6979668485665911 0.055 0.055 
8 0.4316094190058155 0.7433754484243544 0.055 0.055 
8 0.44315397829168757 0.7980196957108154 0.055 0.055 
8 0.476248381577854 0.8565121294259003 0.055 0.055 
8 0.5308926288643149 0.8726745124261212 0.055 0.055 
8 0.5932332490080239 0.9026903665693884 0.055 0.055 
8 0.6548042318660081 0.8903761699977916 0.055 0.055 
8 0.6948253707236977 0.8588210412830747 0.055 0.055 
8 0.6340240251514384 0.8388104718542299 0.055 0.055 
8 0.6217098285798416 0.7872447737106681 0.055 0.055 
8 0.6247883777227408 0.7356790755671063 0.055 0.055 
8 0.5686048558648302 0.7156685061382615 0.055 0.055 
8 0.5193480695784428 0.6971972112808663 0.055 0.055 
8 0.4870233035780013 0.7433754484243544 0.055 0.055 
8 0.4993375001495981 0.8034071567108889 0.055 0.055 
8 0.5709137677220046 0.8295748244255322 0.055 0.055 
8 0.46393418500625716 0.6918097502807927 0.055 0.055 
8 0.5524424728646093 0.7726216652818969 0.055 0.055 
8 0.4870233035780013 0.6310084047085334 0.055 0.055 
8 0.5478246491502606 0.6410136894229557 0.055 0.055 
8 0.5963117981509231 0.6641028079946998 0.055 0.055 
8 0.5293533542928653 0.5825212557078708 0.055 0.055 
8 0.5886154252936752 0.58559980485077 0.055 0.055 
8 0.6371025742943376 0.6033014624224404 0.055 0.055 
8 0.6332543878657136 0.543269754135906 0.055 0.055 
8 0.5555210220075085 0.5163324491355379 0.055 0.055 
8 0.476248381577854 0.5386519304215571 0.055 0.055 
8 0.4115988495769707 0.5717463337077235 0.055 0.055 
8 0.36542061243348245 0.5355733812786578 0.055 0.055 
8 0.3230905617186184 0.5786730692792468 0.055 0.055 
8 0.2730641381465062 0.5994532759938165 0.055 0.055 
8 0.2792212364323047 0.5455786659930804 0.055 0.055 
8 0.3146245515756456 0.47554167299212335 0.055 0.055 
8 0.36542061243348245 0.4509132798489297 0.055 0.055 
8 0.42006485971994345 0.49401296784951865 0.055 0.055 
8 0.35772423957623456 0.38703338513377117 0.055 0.055 
8 0.35772423957623456 0.32546240227578693 0.055 0.055 
8 0.41005957500552104 0.35316934456187987 0.055 0.055 
8 0.46701273414915634 0.36471390384775193 0.055 0.055 
8 0.5262748051499662 0.3554782564190542 0.055 0.055 
8 0.476248381577854 0.42397597484856153 0.055 0.055 
8 0.4293005071486411 0.41858851384848794 0.055 0.055 
8 0.5639870321504814 0.44167763242023206 0.055 0.055 
8 0.6201705540083919 0.4816987712779217 0.055 0.055 
8 0.6340240251514384 0.4301330731343601 0.055 0.055 
8 0.5901546998651247 0.39165120884812 0.055 0.055 
8 0.5955421608651983 0.329310588704411 0.055 0.055 
8 0.5509031982931598 0.3000643718468685 0.055 0.055 
8 0.4647038222919819 0.2854412634180973 0.055 0.055 
8 0.46393418500625716 0.23464520256026034 0.055 0.055 
8 0.5208873441498926 0.2484986737033067 0.055 0.055 
8 0.5570602965789582 0.2177131822743147 0.055 0.055 
8 0.4893322154351756 0.18846696541677221 0.055 0.055 
8 0.4400754291487883 0.1476761892733578 0.055 0.055 
8 0.4962589510066988 0.11919960970153998 0.055 0.055 
8 0.5493639237217102 0.09611049112979597 0.055 0.055 
8 0.5016464120067724 0.05224116584348226 0.055 0.055 
8 0.5509031982931598 0.15614219941633056 0.055 0.055 
8 0.6016992591509966 0.13613162998748563 0.055 0.055 
8 0.6047778082938958 0.20001152470264427 0.055 0.055 
8 0.5932332490080239 0.24926831098903157 0.055 0.055 
8 0.6486471335802095 0.2977554599896941 0.055 0.055 
8 0.6994431944380466 0.31237856841846534 0.055 0.055 
8 0.6655791538661553 0.3762584631336239 0.055 0.055 
8 0.7425428824386355 0.33777659884738376 0.055 0.055 
8 0.7510088925816083 0.4247456121342864 0.055 0.055 
8 0.6932860961522481 0.259273595703454 0.055 0.055 
8 0.732537597724213 0.20539898570271786 0.055 0.055 
8 0.6632702420089809 0.20924717213134192 0.055 0.055 
