10 0.1642030679040537 0.9344813049596725 0.08 0.08 
10 0.25870738214412936 0.786424545983554 0.08 0.08 
10 0.4676669214082966 0.7591232996475321 0.08 0.08 
10 0.5138690305923335 0.6709192730234617 0.08 0.08 
10 0.5443204207363579 0.5869154381433945 0.08 0.08 
10 0.4519162023682839 0.610016492735413 0.08 0.08 
10 0.4792174487043057 0.523912561983344 0.08 0.08 
10 0.40046385350424263 0.4766604048633062 0.08 0.08 
10 0.6703261730564586 0.5890155340153962 0.08 0.08 
10 0.35531179225620657 0.29080192019115747 0.08 0.08 
10 0.37106251129621914 0.21309837292709544 0.08 0.08 
10 0.4351154353922704 0.2677008655991392 0.08 0.08 
10 0.5212193661443394 0.30970278303917276 0.08 0.08 
10 0.5831721943683889 0.3611551319032138 0.08 0.08 
10 0.6430249267204368 0.3118028789111743 0.08 0.08 
10 0.7249286657285022 0.3076026871671711 0.08 0.08 
10 0.39731370969624014 0.11124372313501385 0.08 0.08 
10 0.4655668255362948 0.1490454488310443 0.08 0.08 
10 0.4351154353922704 0.05139099078296616 0.08 0.08 
