8 0.6476923951624389 0.7742530235699903 0.055 0.055 
8 0.5963474322255398 0.7699140126175762 0.055 0.055 
8 0.5703133665110557 0.722908060633091 0.055 0.055 
8 0.623104666432093 0.724354397617229 0.055 0.055 
8 0.6831276512738202 0.733755588014126 0.055 0.055 
8 0.66143259651175 0.6838569620613648 0.055 0.055 
8 0.6050254541303679 0.6672240867437778 0.055 0.055 
8 0.7858175771476187 0.6462522004737767 0.055 0.055 
8 0.7380884566710644 0.6194949662672236 0.055 0.055 
8 0.6809581457976132 0.5985230799972224 0.055 0.055 
8 0.6267205088924379 0.5674268348382554 0.055 0.055 
8 0.5970706007176089 0.5298220732506672 0.055 0.055 
8 0.5797145569079528 0.47558443634549186 0.055 0.055 
8 0.5529573227013995 0.4112224405513507 0.055 0.055 
8 0.5399402898441577 0.35626163515410647 0.055 0.055 
8 0.5016123597645004 0.32082637904272526 0.055 0.055 
8 0.5536804911934687 0.3049166722172073 0.055 0.055 
8 0.6050254541303679 0.28756062840755114 0.055 0.055 
8 0.5862230733365739 0.3410750968206574 0.055 0.055 
8 0.6057486226224369 0.43002482134514475 0.055 0.055 
8 0.6476923951624389 0.47847711031376794 0.055 0.055 
8 0.6672179444483021 0.5428391061079092 0.055 0.055 
8 0.7366421196869264 0.5573024759492893 0.055 0.055 
8 0.7814785661952046 0.5920145635686014 0.055 0.055 
8 0.7561676689727894 0.502341670552045 0.055 0.055 
8 0.8161906538145167 0.4972794911075621 0.055 0.055 
8 0.7807553977031356 0.4618442349961809 0.055 0.055 
8 0.7771395552427907 0.40760659809100575 0.055 0.055 
8 0.8234223387352068 0.4242394734085927 0.055 0.055 
8 0.6672179444483021 0.39169689126548757 0.055 0.055 
8 0.6997605265914073 0.34830678174134744 0.055 0.055 
8 0.4857026529389823 0.20294991483547775 0.055 0.055 
8 0.21740714238138226 0.6860264675375718 0.055 0.055 
8 0.2586277464293154 0.6187717977751546 0.055 0.055 
8 0.29984835047724856 0.6780716141248129 0.055 0.055 
8 0.31503488881069774 0.6252803142037755 0.055 0.055 
8 0.3692725257158729 0.6086474388861886 0.055 0.055 
8 0.30129468746138666 0.5724890142827384 0.055 0.055 
8 0.36131767230311373 0.5471781170603233 0.055 0.055 
8 0.30997270936621457 0.5168050403934251 0.055 0.055 
8 0.36348717777932094 0.4980026595996311 0.055 0.055 
8 0.3280519216679397 0.4481040336468699 0.055 0.055 
8 0.2853849806358685 0.42785531586893777 0.055 0.055 
8 0.2369326916672453 0.482092952774113 0.055 0.055 
8 0.2014974355558642 0.4459345281706628 0.055 0.055 
8 0.1776328753175871 0.3974822392020396 0.055 0.055 
8 0.19571208761931214 0.3410750968206574 0.055 0.055 
8 0.22970100674655525 0.40471392412272966 0.055 0.055 
8 0.2485033875403494 0.35770797213824446 0.055 0.055 
8 0.27670695873104045 0.29840815578858626 0.055 0.055 
8 0.3092495408741456 0.3410750968206574 0.055 0.055 
8 0.3396226175410437 0.39242005975755656 0.055 0.055 
8 0.3887980750017359 0.3678323310272106 0.055 0.055 
8 0.3671030202396659 0.3157641995982423 0.055 0.055 
8 0.44158937492277317 0.32154954753479437 0.055 0.055 
8 0.4618380927007052 0.37217134197962454 0.055 0.055 
8 0.5073977077010524 0.41845412547204064 0.055 0.055 
8 0.4480978913513942 0.4329174953134207 0.055 0.055 
8 0.40832362428759905 0.513912366425149 0.055 0.055 
8 0.41049312976380603 0.5804438676954974 0.055 0.055 
8 0.41844798317656506 0.6281729881720516 0.055 0.055 
8 0.4878721584151894 0.6513143799182597 0.055 0.055 
8 0.5421097953203646 0.6274498196799827 0.055 0.055 
8 0.5073977077010524 0.5927377320606704 0.055 0.055 
8 0.4589454187324292 0.5486244540444614 0.055 0.055 
8 0.4741319570658783 0.483539289758251 0.055 0.055 
8 0.5298159309551915 0.5334379157110122 0.055 0.055 
8 0.5659743555586417 0.5681500033303244 0.055 0.055 
8 0.5204147405582945 0.45461255007549084 0.055 0.055 
