10 0.06285464979208144 0.8846843728637261 0.08 0.08 
10 0.3201163941122873 0.6767748815355599 0.08 0.08 
10 0.5626774673284812 0.7460780453116154 0.08 0.08 
10 0.5689777549444862 0.6715246418555557 0.08 0.08 
10 0.63618082284854 0.709326367551586 0.08 0.08 
10 0.7506360478726316 0.8584331744637053 0.08 0.08 
10 0.7978882049926694 0.7859798668796473 0.08 0.08 
10 0.7926379653126652 0.7082763196155851 0.08 0.08 
10 0.8755917522567315 0.7345275180156061 0.08 0.08 
10 0.9049930944647551 0.8027806338556607 0.08 0.08 
10 0.9501451557127911 0.6977758402555767 0.08 0.08 
10 0.8451403621127072 0.3166084394872718 0.08 0.08 
10 0.8514406497287123 0.12654976307111976 0.08 0.08 
10 0.7779372942086535 0.0813977018230837 0.08 0.08 
10 0.4156707562883637 0.11079904403110707 0.08 0.08 
10 0.1804600186241755 0.0414958802550518 0.08 0.08 
10 0.11535704659212342 0.08874803737508952 0.08 0.08 
10 0.177309874816173 0.14545062591913482 0.08 0.08 
10 0.2403127509762234 0.24625522777521558 0.08 0.08 
10 0.31171601062428045 0.2798567617272424 0.08 0.08 
10 0.37051869504032753 0.3365593502712877 0.08 0.08 
10 0.44717219436838884 0.37856126771132126 0.08 0.08 
10 0.203561073216194 0.46046500671938695 0.08 0.08 
10 0.12690757388813267 0.4888163009914096 0.08 0.08 
10 0.37471888678433096 0.5875208069754885 0.08 0.08 
10 0.23611255923222008 0.0981984687990971 0.08 0.08 
10 0.8052385405446753 0.20215321446318035 0.08 0.08 
