8 0.2869105299217316 0.6358169443623956 0.055 0.055 
8 0.2847410244455246 0.5765171280127372 0.055 0.055 
8 0.32813113396966487 0.5410818719013561 0.055 0.055 
8 0.33174697643000983 0.6018280252351524 0.055 0.055 
8 0.380922433890702 0.6199072375368775 0.055 0.055 
8 0.37802975992242605 0.5678391061079092 0.055 0.055 
8 0.37875292841449504 0.50926245825032 0.055 0.055 
8 0.383091939366909 0.44345412547204066 0.055 0.055 
8 0.37802975992242605 0.3819848036461755 0.055 0.055 
8 0.33030063944587174 0.4065725323765216 0.055 0.055 
8 0.33825549285863077 0.47165769666273183 0.055 0.055 
8 0.2760630025406965 0.4528553158689378 0.055 0.055 
8 0.2543679477786265 0.4036798584082455 0.055 0.055 
8 0.4402222502403602 0.3957250049954866 0.055 0.055 
8 0.42214303793863517 0.4767198761072149 0.055 0.055 
8 0.4293747228593252 0.5396355349172182 0.055 0.055 
8 0.43588323928794614 0.6126755526161873 0.055 0.055 
8 0.4402222502403603 0.6604046730927416 0.055 0.055 
8 0.48216602278036247 0.6358169443623956 0.055 0.055 
8 0.46987215841518937 0.5606074211872192 0.055 0.055 
8 0.47348800087553444 0.506369784282044 0.055 0.055 
8 0.4742111693676033 0.4543016528530758 0.055 0.055 
8 0.5183244473838127 0.43549927205928163 0.055 0.055 
8 0.5364036596855376 0.4853978980120429 0.055 0.055 
8 0.5197707843679505 0.5504830622982532 0.055 0.055 
8 0.5848559486541608 0.5823024759492893 0.055 0.055 
8 0.5761779267493328 0.5338501869806661 0.055 0.055 
8 0.5899181280986439 0.48178205555169795 0.055 0.055 
8 0.5928108020669199 0.43332976658307476 0.055 0.055 
8 0.622460710241749 0.38487747761445146 0.055 0.055 
8 0.6600654718293372 0.3472727160268634 0.055 0.055 
8 0.6766983471469242 0.39789451047169344 0.055 0.055 
8 0.6441557650038192 0.44779313642445473 0.055 0.055 
8 0.6390935855593362 0.501307604837561 0.055 0.055 
8 0.6253533842100251 0.5526525677744603 0.055 0.055 
8 0.7012860758772704 0.5606074211872192 0.055 0.055 
8 0.7012860758772704 0.512155132218596 0.055 0.055 
8 0.7034555813534773 0.44490046245617876 0.055 0.055 
8 0.7352749950045134 0.3906628255510035 0.055 0.055 
8 0.7540773757983076 0.45719432682135175 0.055 0.055 
8 0.7569700497665836 0.5179404801551479 0.055 0.055 
