8 0.37341986944656624 0.719817767458609 0.055 0.055 
8 0.4124709680182924 0.6728118154741238 0.055 0.055 
8 0.4609232569869156 0.6916141962679179 0.055 0.055 
8 0.5137145569079528 0.719817767458609 0.055 0.055 
8 0.600494775956233 0.7335579688079201 0.055 0.055 
8 0.6330373580993383 0.6807666688868829 0.055 0.055 
8 0.599048438972095 0.6236363580134316 0.055 0.055 
8 0.573014373257611 0.5795230799972224 0.055 0.055 
8 0.5383022856382988 0.5361329704730823 0.055 0.055 
8 0.5947094280196811 0.5267317800761853 0.055 0.055 
8 0.6359300320676142 0.5860315964258436 0.055 0.055 
8 0.6626872662741674 0.5383024759492894 0.055 0.055 
8 0.7205407456396876 0.5411951499175653 0.055 0.055 
8 0.7451284743700337 0.5860315964258436 0.055 0.055 
8 0.7082468812745145 0.6547326031723988 0.055 0.055 
8 0.6597945923058913 0.6352070538865358 0.055 0.055 
8 0.49201950214588264 0.6388228963468807 0.055 0.055 
8 0.44501355016139754 0.6200205155530867 0.055 0.055 
8 0.3893295762720843 0.6171278415848107 0.055 0.055 
8 0.36112600508139314 0.6684728045217099 0.055 0.055 
8 0.37341986944656624 0.5701218896003255 0.055 0.055 
8 0.3177358955572529 0.5513195088065314 0.055 0.055 
8 0.350278477700358 0.5079293992823912 0.055 0.055 
8 0.3987307666689812 0.48985018698066607 0.055 0.055 
8 0.40885512555794734 0.4413978980120429 0.055 0.055 
8 0.4515220665900185 0.47249414317101 0.055 0.055 
8 0.4247648323834654 0.5346866334889442 0.055 0.055 
8 0.47683296381243356 0.5166074211872191 0.055 0.055 
8 0.4768329638124337 0.5751840690448085 0.055 0.055 
8 0.5383022856382988 0.48334167055204513 0.055 0.055 
8 0.6192971567500272 0.48117216507583804 0.055 0.055 
8 0.5983252704800262 0.43199670761514586 0.055 0.055 
8 0.6070032923848542 0.3647420378527285 0.055 0.055 
8 0.6388227060358903 0.3083348954713464 0.055 0.055 
8 0.5954325965117501 0.27940815578858624 0.055 0.055 
8 0.558551003416231 0.33798480364617545 0.055 0.055 
8 0.5137145569079528 0.30254954753479435 0.055 0.055 
8 0.4500757296058805 0.2627752804709992 0.055 0.055 
8 0.4515220665900185 0.31628974888410544 0.055 0.055 
8 0.4464598871455354 0.3712505542813497 0.055 0.055 
8 0.45296840357415646 0.41825650626583477 0.055 0.055 
8 0.5072060404793317 0.43344304459928384 0.055 0.055 
8 0.561443677384507 0.3922224405513507 0.055 0.055 
8 0.5043133665110557 0.38354441864652267 0.055 0.055 
8 0.4045161146055333 0.33870797213824444 0.055 0.055 
8 0.39511492420863625 0.38860659809100573 0.055 0.055 
8 0.36257234206553113 0.43055037063100776 0.055 0.055 
8 0.3755893749227731 0.27940815578858624 0.055 0.055 
8 0.3199054010334599 0.27651548182031027 0.055 0.055 
8 0.31195054762070096 0.484064839044114 0.055 0.055 
