8 0.36752486357505665 0.46466249985040187 0.055 0.055 
8 0.42216911086151754 0.448500116850181 0.055 0.055 
8 0.46834734800500566 0.4146360762782898 0.055 0.055 
8 0.5229915952914667 0.40309151699241785 0.055 0.055 
8 0.5753269307207531 0.449269754135906 0.055 0.055 
8 0.6368979135787373 0.47081959813620033 0.055 0.055 
8 0.5891804018637997 0.5062229132795413 0.055 0.055 
8 0.5368450664345131 0.5093014624224405 0.055 0.055 
8 0.513755947862769 0.4592750388503283 0.055 0.055 
8 0.4652687988621065 0.4877516184221461 0.055 0.055 
8 0.40677636514702153 0.5062229132795413 0.055 0.055 
8 0.3921532567182504 0.5585582487088279 0.055 0.055 
8 0.44525822943326165 0.553940424994479 0.055 0.055 
8 0.4929757411481994 0.5370084047085333 0.055 0.055 
8 0.5029810258626218 0.5870348282806455 0.055 0.055 
8 0.5537770867204588 0.5639457097089013 0.055 0.055 
8 0.6122695204355436 0.5716420825661495 0.055 0.055 
