8 0.4369700851843519 0.5899702796794792 0.055 0.055 
8 0.49157257785639563 0.572119464767465 0.055 0.055 
8 0.5503752622724427 0.5836699920634743 0.055 0.055 
8 0.5325244473604284 0.637222436799517 0.055 0.055 
8 0.4779219546883847 0.6267219574395086 0.055 0.055 
8 0.5598256936964502 0.525917355583428 0.055 0.055 
8 0.4947227216643981 0.5091165886074145 0.055 0.055 
8 0.5199238721284182 0.4366632810233566 0.055 0.055 
8 0.5755764127364628 0.42091256198334404 0.055 0.055 
8 0.4768719067523838 0.39256126771132127 0.055 0.055 
8 0.4569209959683679 0.4566141918073725 0.055 0.055 
8 0.4044185991683259 0.447163760383365 0.055 0.055 
8 0.3876178321923125 0.3873110280313171 0.055 0.055 
8 0.6480297203205208 0.4125121784953374 0.055 0.055 
