8 0.11935704659212343 0.501912561983344 0.055 0.055 
8 0.13090757388813268 0.5880164927354129 0.055 0.055 
8 0.17500958720016802 0.6300184101754466 0.055 0.055 
8 0.20546097734419233 0.6772705672954843 0.055 0.055 
8 0.2474628947842259 0.7318730599675279 0.055 0.055 
8 0.2947150519042637 0.7686247377275574 0.055 0.055 
8 0.3335668255362948 0.8085265592955893 0.055 0.055 
8 0.3661183115523209 0.751823970751544 0.055 0.055 
8 0.3031154353922705 0.7140222450555138 0.055 0.055 
8 0.26531370969624013 0.673070375551481 0.055 0.055 
8 0.23381227161621498 0.6258182184314431 0.055 0.055 
8 0.19391045004818308 0.5722657736954003 0.055 0.055 
8 0.16975934752016375 0.5313139041913675 0.055 0.055 
8 0.22856203193621083 0.5040126578553458 0.055 0.055 
8 0.18551006656017632 0.45361035692730534 0.055 0.055 
8 0.23906251129621925 0.4294592543992861 0.055 0.055 
8 0.2747641411202477 0.4851117950073306 0.055 0.055 
8 0.29576509984026456 0.43470949407929027 0.055 0.055 
8 0.30836567507227464 0.3822070972792483 0.055 0.055 
8 0.24851294272022673 0.5596651984633902 0.055 0.055 
8 0.28631466841625697 0.6037672117754255 0.055 0.055 
8 0.31571601062428045 0.6573196565114683 0.055 0.055 
8 0.3503675925123082 0.693021286335497 0.055 0.055 
8 0.398669797568347 0.6709702796794793 0.055 0.055 
8 0.34511735283230405 0.6079674035194289 0.055 0.055 
8 0.5110249267204368 0.7486738269435413 0.055 0.055 
8 0.4732232010244065 0.693021286335497 0.055 0.055 
8 0.4627227216643982 0.6373687457274524 0.055 0.055 
8 0.4196707562883637 0.6279183143034448 0.055 0.055 
8 0.4007698934403485 0.5911666365434154 0.055 0.055 
8 0.37871888678433097 0.5439144794233777 0.055 0.055 
8 0.4438218588163829 0.554414958783386 0.055 0.055 
8 0.43227133152037367 0.4893119867513339 0.055 0.055 
8 0.3860692223363368 0.45361035692730534 0.055 0.055 
8 0.35561783219231247 0.41160843948727177 0.055 0.055 
8 0.3608680718723166 0.35175570713522397 0.055 0.055 
8 0.3430172569603023 0.299253310335182 0.055 0.055 
8 0.4123204207363578 0.3433553236472172 0.055 0.055 
8 0.46482281753639976 0.3822070972792483 0.055 0.055 
8 0.41442051660835943 0.39060748076725493 0.055 0.055 
8 0.4490720984963872 0.4294592543992861 0.055 0.055 
8 0.516275166400441 0.43050930233528695 0.055 0.055 
8 0.4889739200644191 0.4861618429433314 0.055 0.055 
8 0.49422415974442335 0.5397142876793742 0.055 0.055 
8 0.5036745911684308 0.5953668282874188 0.055 0.055 
8 0.568777563200483 0.5901165886074146 0.055 0.055 
8 0.6170797682565216 0.6258182184314431 0.055 0.055 
8 0.6254801517445283 0.5649154381433945 0.055 0.055 
8 0.6044791930245115 0.6825208069754886 0.055 0.055 
8 0.653831446016551 0.6573196565114683 0.055 0.055 
8 0.6758824526725686 0.7203225326715188 0.055 0.055 
8 0.6611817815685569 0.6069173555834281 0.055 0.055 
8 0.6748324047365678 0.535514095935371 0.055 0.055 
8 0.6475311584005459 0.49036203468733486 0.055 0.055 
8 0.5845282822404955 0.4494101651833021 0.055 0.055 
8 0.5656274193924804 0.3916575287032559 0.055 0.055 
8 0.50262454323243 0.34125522777521555 0.055 0.055 
8 0.5467265565444653 0.28455263923117013 0.055 0.055 
8 0.5950287616005039 0.24570086559913917 0.055 0.055 
8 0.5782279946244905 0.33075474841520713 0.055 0.055 
8 0.6338805352325351 0.32865465254320547 0.055 0.055 
8 0.6916331717125812 0.31185388556719207 0.055 0.055 
8 0.7357351850246165 0.26565177638315507 0.055 0.055 
8 0.7378352808966182 0.2036989481591056 0.055 0.055 
8 0.7871875338886576 0.24255072179113657 0.055 0.055 
8 0.8491403621127072 0.2572513928951484 0.055 0.055 
8 0.8921923274887417 0.21524947545511464 0.055 0.055 
8 0.9236937655687668 0.26145158463915164 0.055 0.055 
8 0.8071384446726736 0.37380671379124153 0.055 0.055 
8 0.7535859999366308 0.3801070014072466 0.055 0.055 
8 0.7420354726406215 0.3234044128632013 0.055 0.055 
8 0.8018882049926694 0.3160540773111953 0.055 0.055 
8 0.680082644416572 0.36750642617523654 0.055 0.055 
8 0.6601317336325561 0.4378596378872929 0.055 0.055 
8 0.7199844659846039 0.4221089188472802 0.055 0.055 
8 0.7115840824965971 0.5050627057913465 0.055 0.055 
8 0.7546360478726316 0.4725112197753206 0.055 0.055 
8 0.8123886843526779 0.4977123702393407 0.055 0.055 
8 0.8123886843526779 0.5470646232313803 0.055 0.055 
8 0.7598862875526359 0.5323639521273684 0.055 0.055 
8 0.7063338428165931 0.568065581951397 0.055 0.055 
8 0.7556860958086324 0.5964168762234197 0.055 0.055 
