8 0.2900271451455493 0.7652130654241336 0.055 0.055 
8 0.3900799922897735 0.6343747268509172 0.055 0.055 
8 0.4424153277190601 0.6582334827083861 0.055 0.055 
8 0.4293314938617385 0.5805001168501811 0.055 0.055 
8 0.41316911086151764 0.5273951441351697 0.055 0.055 
8 0.4301011311474633 0.44427431727689126 0.055 0.055 
8 0.4578080734335561 0.39809608013340303 0.055 0.055 
8 0.481666829291025 0.46505452399146074 0.055 0.055 
8 0.4616562598621802 0.5196987712779217 0.055 0.055 
8 0.5386199884346604 0.4850650934203057 0.055 0.055 
8 0.5501645477205324 0.42118519870514703 0.055 0.055 
8 0.6248193644358381 0.40502281570492626 0.055 0.055 
8 0.6694583270078767 0.3696195005615853 0.055 0.055 
8 0.7287203980086864 0.35345711756136455 0.055 0.055 
8 0.6001909712926444 0.46505452399146074 0.055 0.055 
