8 0.25596529158426784 0.4256151505273893 0.055 0.055 
8 0.2801163941122873 0.47286730764742724 0.055 0.055 
8 0.3168680718723167 0.4214149587833861 0.055 0.055 
8 0.3578199413763494 0.4592166844794162 0.055 0.055 
8 0.41557257785639556 0.47391735558342807 0.055 0.055 
8 0.4040220505603863 0.4224650067193869 0.055 0.055 
8 0.4565244473604283 0.4182648149753835 0.055 0.055 
8 0.5762299120645241 0.24605695347124568 0.055 0.055 
8 0.531077850816488 0.2135054674552198 0.055 0.055 
8 0.531077850816488 0.27755839155127093 0.055 0.055 
8 0.39142147532837623 0.5337700879354759 0.055 0.055 
8 0.4439238721284182 0.5474207111034868 0.055 0.055 
8 0.49432617305645865 0.5253697044474692 0.055 0.055 
8 0.531077850816488 0.4886180266874397 0.055 0.055 
8 0.5741298161925225 0.44766615718340697 0.055 0.055 
8 0.517427227648477 0.43401553401539616 0.055 0.055 
8 0.557329049216509 0.3983139041913676 0.055 0.055 
8 0.6255821650565635 0.45396644479941206 0.055 0.055 
8 0.6780845618566056 0.42351505465538775 0.055 0.055 
8 0.6822847536006089 0.4749674035194289 0.055 0.055 
8 0.648683219648582 0.5274698003194709 0.055 0.055 
8 0.59618082284854 0.5001685539834491 0.055 0.055 
8 0.5489286657285022 0.5400703755514811 0.055 0.055 
8 0.6003810145925434 0.5610713342714978 0.055 0.055 
8 0.6717842742406005 0.5799721971195129 0.055 0.055 
8 0.6171817815685569 0.611473635199538 0.055 0.055 
8 0.5825301996805291 0.6534755526395717 0.055 0.055 
8 0.5289777549444863 0.6713263675515859 0.055 0.055 
8 0.5405282822404955 0.612523683135539 0.055 0.055 
8 0.4701750705284393 0.617773922815543 0.055 0.055 
8 0.4208228175363997 0.5999231079035288 0.055 0.055 
8 0.37252061248036106 0.6230241624955473 0.055 0.055 
8 0.3777708521603653 0.6891771824636002 0.055 0.055 
8 0.43132329689640825 0.6597758402555767 0.055 0.055 
8 0.47437526227244264 0.47076721177542546 0.055 0.055 
