8 0.3659681677443183 0.543021286335497 0.055 0.055 
8 0.4132203248643562 0.5587720053755094 0.055 0.055 
8 0.4583723861123923 0.5902734434555347 0.055 0.055 
8 0.45417219436838896 0.6564264634235877 0.055 0.055 
8 0.4037698934403485 0.6301752650235666 0.055 0.055 
8 0.5035244473604283 0.6333254088315692 0.055 0.055 
8 0.5308256936964503 0.5860732517115315 0.055 0.055 
8 0.5843781384324931 0.6028740186875448 0.055 0.055 
8 0.6200797682565216 0.5556218615675069 0.055 0.055 
8 0.656831446016551 0.5073196565114684 0.055 0.055 
8 0.6820325964805711 0.5598220533115104 0.055 0.055 
8 0.6232299120645242 0.46006749939143066 0.055 0.055 
8 0.6704820691845619 0.4149154381433945 0.055 0.055 
8 0.6158795765125182 0.3792138083193659 0.055 0.055 
8 0.5759777549444862 0.4222657736954003 0.055 0.055 
8 0.5486765086084645 0.4716180266874397 0.055 0.055 
8 0.5392260771844569 0.5304207111034869 0.055 0.055 
8 0.5014243514884267 0.4915689374714558 0.055 0.055 
8 0.49092387212841826 0.5472214780795002 0.055 0.055 
8 0.4426216670723797 0.5146699920634742 0.055 0.055 
8 0.38066883884833014 0.49996932095946245 0.055 0.055 
8 0.39536950995234177 0.444316780351418 0.055 0.055 
8 0.44682185881638303 0.46006749939143066 0.055 0.055 
8 0.4468218588163829 0.40441495878338607 0.055 0.055 
8 0.49722415974442336 0.438016492735413 0.055 0.055 
8 0.3638680718723166 0.4023148629113844 0.055 0.055 
8 0.406920037248351 0.37081342483135915 0.055 0.055 
8 0.39536950995234177 0.31516088422331456 0.055 0.055 
