8 0.8225927109767484 0.10165081766313822 0.055 0.055 
8 0.7984416084487291 0.1541532144631803 0.055 0.055 
8 0.7826908894087165 0.2234563782392357 0.055 0.055 
8 0.7553896430726946 0.2675583915512709 0.055 0.055 
8 0.7028872462726526 0.2434072890232517 0.055 0.055 
8 0.6461846577286072 0.26440824774326843 0.055 0.055 
8 0.5905321171205627 0.30746021311930294 0.055 0.055 
8 0.535929624448519 0.31481054867130875 0.055 0.055 
8 0.5159787136645031 0.2665083436152702 0.055 0.055 
8 0.5674310625285442 0.24130719315124993 0.055 0.055 
8 0.6230836031365887 0.19195494015921055 0.055 0.055 
8 0.49182761113648377 0.21400594681522822 0.055 0.055 
8 0.5590306790405375 0.3767633768953583 0.055 0.055 
8 0.6146832196485821 0.3662628975353499 0.055 0.055 
8 0.6461846577286072 0.3190107404153122 0.055 0.055 
8 0.700787150400651 0.3032600213752995 0.055 0.055 
8 0.7700903141767064 0.32216088422331457 0.055 0.055 
8 0.7406889719686829 0.37886347276736 0.055 0.055 
8 0.7984416084487291 0.3767633768953583 0.055 0.055 
8 0.68713652723264 0.3620627057913465 0.055 0.055 
8 0.648284753600609 0.40826481497538347 0.055 0.055 
8 0.69973710246465 0.4282157257593995 0.055 0.055 
8 0.7837409373447173 0.425065581951397 0.055 0.055 
8 0.7385888760966811 0.48071812255944146 0.055 0.055 
8 0.7910912728967231 0.4912186019194499 0.055 0.055 
8 0.7081374859526568 0.5269202317434785 0.055 0.055 
8 0.6766360478726315 0.4754678828794373 0.055 0.055 
8 0.61205809980858 0.46076721177542546 0.055 0.055 
8 0.5537804393605333 0.43346596543940374 0.055 0.055 
8 0.49497775494448626 0.4124650067193869 0.055 0.055 
8 0.5044281863684938 0.3589125619833441 0.055 0.055 
8 0.7238882049926695 0.5867729640955263 0.055 0.055 
8 0.6650855205766223 0.5783725806075195 0.055 0.055 
8 0.5936822609285652 0.5699721971195129 0.055 0.055 
8 0.5380297203205207 0.5584216698235036 0.055 0.055 
8 0.5831817815685568 0.5185198482554718 0.055 0.055 
8 0.6493348015366098 0.5269202317434785 0.055 0.055 
8 0.5380297203205207 0.4912186019194499 0.055 0.055 
8 0.49497775494448626 0.5216699920634742 0.055 0.055 
8 0.483427227648477 0.4712676911354339 0.055 0.055 
8 0.42567459116843087 0.43136586956740197 0.055 0.055 
8 0.4225244473604284 0.48071812255944146 0.055 0.055 
8 0.5968324047365678 0.6298249294715608 0.055 0.055 
8 0.6619353767686198 0.6361252170875658 0.055 0.055 
8 0.7165378694406634 0.6518759361275783 0.055 0.055 
8 0.5516803434885317 0.601473635199538 0.055 0.055 
8 0.535929624448519 0.6455756485115733 0.055 0.055 
8 0.4855273235204788 0.6518759361275783 0.055 0.055 
8 0.5191288574725056 0.7043783329276203 0.055 0.055 
8 0.5327794806405166 0.7621309694076666 0.055 0.055 
8 0.47187670035246787 0.7106786205436254 0.055 0.055 
8 0.4141240638724216 0.6980780453116153 0.055 0.055 
8 0.4267246391044318 0.6644765113595885 0.055 0.055 
8 0.4456255019524469 0.6256247377275573 0.055 0.055 
8 0.43197487878443586 0.582572772351523 0.055 0.055 
8 0.49077756320048305 0.5962233955195338 0.055 0.055 
8 0.45822607718445685 0.555271526015501 0.055 0.055 
8 0.4141240638724216 0.5237700879354759 0.055 0.055 
8 0.3668719067523838 0.5143196565114683 0.055 0.055 
8 0.3731721943683889 0.44396644479941205 0.055 0.055 
8 0.3479710439043687 0.39776433561537505 0.055 0.055 
8 0.18731370969624017 0.392514095935371 0.055 0.055 
8 0.19886423699224942 0.44396644479941205 0.055 0.055 
8 0.20516452460825452 0.49961898540745653 0.055 0.055 
8 0.15581227161621503 0.5384707590394877 0.055 0.055 
8 0.12011064179218645 0.6959779494396137 0.055 0.055 
8 0.1810134220802352 0.7075284767356228 0.055 0.055 
8 0.21671505190426377 0.7547806338556606 0.055 0.055 
8 0.25976701728029816 0.7421800586236506 0.055 0.055 
8 0.28706826361632 0.7033282849916196 0.055 0.055 
8 0.23561591475227883 0.6907277097596094 0.055 0.055 
8 0.22406538745626958 0.627724833599559 0.055 0.055 
8 0.15056203193621087 0.6550260799355809 0.055 0.055 
8 0.3080692223363368 0.7495303941756565 0.055 0.055 
8 0.3511211877123712 0.7316795792636421 0.055 0.055 
8 0.3826226257923965 0.6980780453116153 0.055 0.055 
8 0.33852061248036114 0.6161743063035497 0.055 0.055 
8 0.32592003724835106 0.5626218615675069 0.055 0.055 
8 0.3700220505603864 0.5668220533115103 0.055 0.055 
8 0.39837334483240905 0.5983234913915355 0.055 0.055 
8 0.3742222423043897 0.6445256005755725 0.055 0.055 
8 0.2482164899842889 0.4754678828794373 0.055 0.055 
8 0.32276989344034857 0.46706749939143055 0.055 0.055 
8 0.27236759251230824 0.575222436799517 0.055 0.055 
