8 0.34441764044830914 0.7329336538237137 0.055 0.055 
8 0.2961154353922705 0.6856814967036757 0.055 0.055 
8 0.3433675925123083 0.6499798668796473 0.055 0.055 
8 0.3937698934403485 0.6426295313276413 0.055 0.055 
8 0.38746960582434353 0.697232023999685 0.055 0.055 
8 0.39797008518435195 0.7539346125437304 0.055 0.055 
8 0.4599229134084015 0.7654851398397396 0.055 0.055 
8 0.4420720984963872 0.7087825512956942 0.055 0.055 
8 0.5040249267204368 0.736083797631716 0.055 0.055 
8 0.4956245432324301 0.6814813049596724 0.055 0.055 
8 0.4557227216643982 0.6468297230716447 0.055 0.055 
8 0.561777563200483 0.7203330785917035 0.055 0.055 
8 0.5701779466884896 0.6615303941756565 0.055 0.055 
8 0.5880287616005039 0.5995775659516069 0.055 0.055 
8 0.685683219648582 0.579626655167591 0.055 0.055 
8 0.6405311584005459 0.5995775659516069 0.055 0.055 
8 0.7392356643846248 0.5355246418555557 0.055 0.055 
8 0.7077342263045997 0.4966728682235245 0.055 0.055 
8 0.7350354726406215 0.45047075903948763 0.055 0.055 
8 0.7896379653126652 0.4158191771514599 0.055 0.055 
8 0.836890122432703 0.38116759526343214 0.055 0.055 
8 0.843190410048708 0.4399702796794793 0.055 0.055 
8 0.7759873421446543 0.3654168762234197 0.055 0.055 
8 0.7371355685126232 0.3234149587833861 0.055 0.055 
8 0.7276851370886156 0.3906180266874397 0.055 0.055 
8 0.6846331717125812 0.3528163009914096 0.055 0.055 
8 0.5292260771844569 0.270912561983344 0.055 0.055 
8 0.47147344070441066 0.28246308927935326 0.055 0.055 
8 0.4336717150083804 0.32446500671938694 0.055 0.055 
8 0.49562454323243 0.32131486291138434 0.055 0.055 
8 0.2677641411202478 0.4158191771514599 0.055 0.055 
8 0.27196433286425115 0.5512753608955683 0.055 0.055 
8 0.2971654833282713 0.6153282849916195 0.055 0.055 
8 0.6100797682565215 0.30241400006336927 0.055 0.055 
8 0.6300306790405376 0.3633167803514179 0.055 0.055 
8 0.6258304872965342 0.4294698003194709 0.055 0.055 
8 0.5827785219204997 0.4063687457274524 0.055 0.055 
8 0.5859286657285022 0.4630713342714978 0.055 0.055 
8 0.5743781384324931 0.5103234913915355 0.055 0.055 
8 0.5523271317764754 0.5596757443835749 0.055 0.055 
8 0.5229257895684518 0.5880270386555977 0.055 0.055 
8 0.4189710439043688 0.6027277097596095 0.055 0.055 
8 0.29926557920027297 0.5124235872635372 0.055 0.055 
8 0.31921648998428886 0.5638759361275784 0.055 0.055 
8 0.3696187909123292 0.422119464767465 0.055 0.055 
8 0.32866692140829645 0.45047075903948763 0.055 0.055 
8 0.28876509984026455 0.4588711425274944 0.055 0.055 
8 0.4126707562883637 0.5197739228155431 0.055 0.055 
8 0.41477085216036536 0.47042166982350364 0.055 0.055 
8 0.38746960582434353 0.4893225326715187 0.055 0.055 
8 0.40532042073635777 0.43156989619147257 0.055 0.055 
8 0.44102205056038635 0.4189693209594625 0.055 0.055 
8 0.5124253102084434 0.47777200537550946 0.055 0.055 
8 0.4767236803844149 0.43366999206347423 0.055 0.055 
8 0.48092387212841825 0.5040232037755306 0.055 0.055 
8 0.48407401593642085 0.5649259840635792 0.055 0.055 
8 0.43787190675238385 0.5680761278715818 0.055 0.055 
8 0.3864195578883427 0.5607257923195759 0.055 0.055 
8 0.34861783219231246 0.5995775659516069 0.055 0.055 
8 0.5040249267204368 0.38431773907143474 0.055 0.055 
8 0.4494224340483931 0.3759173555834281 0.055 0.055 
8 0.38536950995234187 0.37171716383942466 0.055 0.055 
8 0.3265668255362948 0.4000684581114474 0.055 0.055 
8 0.5197756457604494 0.5355246418555557 0.055 0.055 
8 0.5512770838404746 0.33181534227139275 0.055 0.055 
8 0.5638776590724847 0.2940136165753625 0.055 0.055 
8 0.5911789054085065 0.3528163009914096 0.055 0.055 
8 0.5187255978244485 0.4189693209594625 0.055 0.055 
8 0.5502270359044737 0.4452205193594835 0.055 0.055 
8 0.24781323033623182 0.6006276138876078 0.055 0.055 
