8 0.3609810258626218 0.36253110356327856 0.055 0.055 
8 0.38407014443436593 0.41486643899256503 0.055 0.055 
8 0.41408599857763306 0.36791856456335215 0.055 0.055 
8 0.4671909712926444 0.4033218797066931 0.055 0.055 
8 0.4317876561493036 0.450269754135906 0.055 0.055 
8 0.4702695204355437 0.49721762856511886 0.055 0.055 
8 0.534919052436427 0.48721234385069645 0.055 0.055 
8 0.5125995711504078 0.5349298555656341 0.055 0.055 
8 0.4933586390072877 0.6041972112808663 0.055 0.055 
8 0.5441546998651247 0.578029543566223 0.055 0.055 
8 0.5734009167226671 0.5272334827083862 0.055 0.055 
8 0.6018774962944848 0.5811080927091222 0.055 0.055 
8 0.5726312794369424 0.6334434281384087 0.055 0.055 
8 0.6480557334379728 0.5534011504230294 0.055 0.055 
