8 0.7135315914363535 0.45417535084973937 0.055 0.055 
8 0.653499883149819 0.448018252563941 0.055 0.055 
8 0.5896199884346603 0.45494498813546425 0.055 0.055 
8 0.6157876561493035 0.3941436425632049 0.055 0.055 
8 0.571148693577265 0.35335286641979047 0.055 0.055 
8 0.5295882801481258 0.3087139038477519 0.055 0.055 
8 0.555755947862769 0.40568820184907695 0.055 0.055 
8 0.44954600243274634 0.4118453001348753 0.055 0.055 
8 0.39413211786056057 0.40491856456335207 0.055 0.055 
8 0.3371789587169254 0.3972221917061042 0.055 0.055 
8 0.37412154843171574 0.45494498813546425 0.055 0.055 
8 0.4172212364323047 0.4841912049930067 0.055 0.055 
8 0.46955657186159117 0.4634109982784371 0.055 0.055 
8 0.4841796802903624 0.5118981472790995 0.055 0.055 
8 0.5357453784339242 0.4872697541359059 0.055 0.055 
8 0.5726879681487146 0.5265212557078708 0.055 0.055 
8 0.6142483815778539 0.49573576427887867 0.055 0.055 
8 0.6681229915785901 0.5149766964219988 0.055 0.055 
8 0.5619130461485674 0.5726994928513589 0.055 0.055 
8 0.5126562598621801 0.5557674725654134 0.055 0.055 
8 0.45493346343282004 0.5696209437084597 0.055 0.055 
8 0.38951429414621175 0.5319087167079444 0.055 0.055 
8 0.39721066700345986 0.5873226012801303 0.055 0.055 
8 0.34256641971699886 0.6081028079946998 0.055 0.055 
8 0.3856661077175878 0.6496632214238391 0.055 0.055 
8 0.4356925312897 0.6650559671383351 0.055 0.055 
8 0.47571367014738963 0.6219562791377462 0.055 0.055 
8 0.5064991615763818 0.6650559671383351 0.055 0.055 
8 0.5434417512911722 0.6181080927091223 0.055 0.055 
8 0.47032620914731604 0.35489214099124 0.055 0.055 
