8 0.4330905617186185 0.5781179405645299 0.055 0.055 
8 0.6693692084361326 0.9598580342840317 0.055 0.055 
8 0.4038443448610759 0.538866438992565 0.055 0.055 
8 0.3676713924320103 0.47344726970595685 0.055 0.055 
8 0.32149315528852207 0.4303475817053679 0.055 0.055 
8 0.33226807728866936 0.37262478527600784 0.055 0.055 
8 0.3984568838610023 0.4303475817053679 0.055 0.055 
8 0.4300120125757192 0.38570861913332943 0.055 0.055 
8 0.450022582004564 0.4934578391348017 0.055 0.055 
8 0.4900437208622537 0.45728488670573597 0.055 0.055 
8 0.5100542902910986 0.5019238492777744 0.055 0.055 
8 0.4784991615763817 0.5481020864212627 0.055 0.055 
8 0.5662378121490091 0.5219344187066193 0.055 0.055 
8 0.5562325274345867 0.47575618156313126 0.055 0.055 
8 0.6108767747210477 0.47344726970595685 0.055 0.055 
8 0.6439711780072142 0.48653110356327856 0.055 0.055 
8 0.6986154252936752 0.44727960199131356 0.055 0.055 
8 0.6455104525786637 0.4203422969909456 0.055 0.055 
