8 0.21781131289619826 0.4903148629113844 0.055 0.055 
8 0.44252157120037794 0.4672138083193659 0.055 0.055 
8 0.46982281753639976 0.40736107596731796 0.055 0.055 
8 0.5443762209924595 0.4441127537273474 0.055 0.055 
8 0.5947785219204997 0.4315121784953374 0.055 0.055 
8 0.6021288574725057 0.4819144794233776 0.055 0.055 
8 0.5580268441604703 0.5081656778233986 0.055 0.055 
8 0.5055244473604283 0.5060655819513971 0.055 0.055 
8 0.49187382419241743 0.5722186019194498 0.055 0.055 
8 0.49187382419241743 0.6278711425274943 0.055 0.055 
8 0.5905783301764964 0.5617181225594414 0.055 0.055 
