8 0.28018223254139085 0.37341986944656613 0.055 0.055 
8 0.32718818452587617 0.4124709680182923 0.055 0.055 
8 0.30838580373208213 0.46092325698691555 0.055 0.055 
8 0.28018223254139096 0.5137145569079528 0.055 0.055 
8 0.2664420311920799 0.600494775956233 0.055 0.055 
8 0.31923333111311714 0.6330373580993383 0.055 0.055 
8 0.37636364198656835 0.599048438972095 0.055 0.055 
8 0.4204769200027776 0.573014373257611 0.055 0.055 
8 0.4638670295269177 0.5383022856382988 0.055 0.055 
8 0.47326821992381474 0.5947094280196811 0.055 0.055 
8 0.41396840357415654 0.6359300320676142 0.055 0.055 
8 0.46169752405071074 0.6626872662741674 0.055 0.055 
8 0.45880485008243466 0.7205407456396876 0.055 0.055 
8 0.41396840357415654 0.7451284743700337 0.055 0.055 
8 0.3452673968276012 0.7082468812745145 0.055 0.055 
8 0.36479294611346424 0.6597945923058913 0.055 0.055 
8 0.3611771036531193 0.49201950214588264 0.055 0.055 
8 0.3799794844469133 0.4450135501613975 0.055 0.055 
8 0.3828721584151893 0.38932957627208425 0.055 0.055 
8 0.3315271954782901 0.36112600508139303 0.055 0.055 
8 0.4298781103996745 0.3734198694465662 0.055 0.055 
8 0.44868049119346864 0.3177358955572529 0.055 0.055 
8 0.4920706007176088 0.350278477700358 0.055 0.055 
8 0.5101498130193339 0.3987307666689813 0.055 0.055 
8 0.5586021019879571 0.4088551255579473 0.055 0.055 
8 0.52750585682899 0.4515220665900185 0.055 0.055 
8 0.4653133665110557 0.42476483238346535 0.055 0.055 
8 0.48339257881278075 0.4768329638124336 0.055 0.055 
8 0.42481593095519155 0.4768329638124336 0.055 0.055 
8 0.5166583294479549 0.5383022856382988 0.055 0.055 
8 0.518827834924162 0.6192971567500272 0.055 0.055 
8 0.5680032923848541 0.5983252704800262 0.055 0.055 
8 0.6352579621472715 0.6070032923848542 0.055 0.055 
8 0.6916651045286536 0.6388227060358903 0.055 0.055 
8 0.7205918442114138 0.5954325965117501 0.055 0.055 
8 0.6620151963538246 0.558551003416231 0.055 0.055 
8 0.6974504524652057 0.5137145569079528 0.055 0.055 
8 0.7372247195290008 0.4500757296058805 0.055 0.055 
8 0.6837102511158946 0.4515220665900185 0.055 0.055 
8 0.6287494457186503 0.4464598871455355 0.055 0.055 
8 0.5817434937341652 0.45296840357415646 0.055 0.055 
8 0.5665569554007162 0.5072060404793317 0.055 0.055 
8 0.6077775594486493 0.561443677384507 0.055 0.055 
8 0.6164555813534773 0.5043133665110557 0.055 0.055 
8 0.6612920278617556 0.4045161146055333 0.055 0.055 
8 0.6113934019089943 0.39511492420863625 0.055 0.055 
8 0.5694496293689922 0.36257234206553113 0.055 0.055 
8 0.7205918442114138 0.3755893749227732 0.055 0.055 
8 0.7234845181796897 0.31990540103346 0.055 0.055 
8 0.515935160955886 0.31195054762070096 0.055 0.055 
