8 0.5458246491502606 0.7135315914363535 0.055 0.055 
8 0.551981747436059 0.653499883149819 0.055 0.055 
8 0.5450550118645358 0.5896199884346603 0.055 0.055 
8 0.6058563574367951 0.6157876561493035 0.055 0.055 
8 0.6466471335802095 0.571148693577265 0.055 0.055 
8 0.6912860961522481 0.5295882801481258 0.055 0.055 
8 0.594311798150923 0.555755947862769 0.055 0.055 
8 0.5881546998651247 0.4495460024327464 0.055 0.055 
8 0.5950814354366479 0.3941321178605606 0.055 0.055 
8 0.6027778082938958 0.3371789587169253 0.055 0.055 
8 0.5450550118645358 0.3741215484317158 0.055 0.055 
8 0.5158087950069933 0.4172212364323047 0.055 0.055 
8 0.5365890017215629 0.4695565718615912 0.055 0.055 
8 0.48810185272090034 0.48417968029036246 0.055 0.055 
8 0.5127302458640941 0.5357453784339242 0.055 0.055 
8 0.4734787442921292 0.5726879681487146 0.055 0.055 
8 0.5042642357211213 0.6142483815778539 0.055 0.055 
8 0.4850233035780013 0.6681229915785901 0.055 0.055 
8 0.4273005071486411 0.5619130461485674 0.055 0.055 
8 0.44423252743458663 0.5126562598621801 0.055 0.055 
8 0.4303790562915403 0.45493346343282 0.055 0.055 
8 0.4680912832920555 0.3895142941462118 0.055 0.055 
8 0.41267739871986975 0.3972106670034598 0.055 0.055 
8 0.39189719200530015 0.3425664197169989 0.055 0.055 
8 0.35033677857616086 0.3856661077175878 0.055 0.055 
8 0.33494403286166485 0.4356925312897 0.055 0.055 
8 0.3780437208622538 0.47571367014738963 0.055 0.055 
8 0.33494403286166485 0.5064991615763818 0.055 0.055 
8 0.38189190729087774 0.5434417512911722 0.055 0.055 
8 0.64510785900876 0.47032620914731604 0.055 0.055 
