8 0.5743848494726107 0.2559652915842679 0.055 0.055 
8 0.5271326923525728 0.2801163941122872 0.055 0.055 
8 0.5785850412166139 0.31686807187231664 0.055 0.055 
8 0.5407833155205838 0.35781994137634937 0.055 0.055 
8 0.5260826444165719 0.41557257785639556 0.055 0.055 
8 0.5775349932806131 0.4040220505603863 0.055 0.055 
8 0.5817351850246165 0.4565244473604283 0.055 0.055 
8 0.7539430465287543 0.5762299120645241 0.055 0.055 
8 0.7864945325447802 0.531077850816488 0.055 0.055 
8 0.7224416084487291 0.531077850816488 0.055 0.055 
8 0.46622991206452413 0.3914214753283763 0.055 0.055 
8 0.4525792888965131 0.4439238721284182 0.055 0.055 
8 0.4746302955525308 0.49432617305645865 0.055 0.055 
8 0.5113819733125603 0.531077850816488 0.055 0.055 
8 0.552333842816593 0.5741298161925225 0.055 0.055 
8 0.5659844659846038 0.517427227648477 0.055 0.055 
8 0.6016860958086324 0.557329049216509 0.055 0.055 
8 0.5460335552005879 0.6255821650565635 0.055 0.055 
8 0.5764849453446123 0.6780845618566056 0.055 0.055 
8 0.5250325964805711 0.6822847536006089 0.055 0.055 
8 0.4725301996805291 0.648683219648582 0.055 0.055 
8 0.49983144601655105 0.59618082284854 0.055 0.055 
8 0.45992962444851904 0.5489286657285022 0.055 0.055 
8 0.4389286657285022 0.6003810145925434 0.055 0.055 
8 0.42002780288048713 0.6717842742406005 0.055 0.055 
8 0.388526364800462 0.6171817815685569 0.055 0.055 
8 0.3465244473604283 0.5825301996805291 0.055 0.055 
8 0.3286736324484141 0.5289777549444863 0.055 0.055 
8 0.38747631686446105 0.5405282822404955 0.055 0.055 
8 0.382226077184457 0.47017507052843927 0.055 0.055 
8 0.4000768920964711 0.4208228175363998 0.055 0.055 
8 0.3769758375044526 0.37252061248036106 0.055 0.055 
8 0.31082281753639973 0.3777708521603653 0.055 0.055 
8 0.3402241597444233 0.4313232968964082 0.055 0.055 
8 0.5292327882245745 0.4743752622724427 0.055 0.055 
