8 0.4980874380166559 0.11935704659212343 0.055 0.055 
8 0.411983507264587 0.13090757388813268 0.055 0.055 
8 0.3699815898245534 0.17500958720016796 0.055 0.055 
8 0.3227294327045157 0.20546097734419233 0.055 0.055 
8 0.26812694003247195 0.24746289478422584 0.055 0.055 
8 0.23137526227244265 0.2947150519042637 0.055 0.055 
8 0.19147344070441075 0.3335668255362948 0.055 0.055 
8 0.24817602924845605 0.3661183115523208 0.055 0.055 
8 0.2859777549444862 0.3031154353922705 0.055 0.055 
8 0.32692962444851903 0.26531370969624013 0.055 0.055 
8 0.37418178156855686 0.23381227161621498 0.055 0.055 
8 0.4277342263045997 0.19391045004818308 0.055 0.055 
8 0.4686860958086324 0.16975934752016375 0.055 0.055 
8 0.49598734214465423 0.22856203193621083 0.055 0.055 
8 0.5463896430726947 0.18551006656017638 0.055 0.055 
8 0.5705407456007139 0.23906251129621925 0.055 0.055 
8 0.5148882049926694 0.2747641411202478 0.055 0.055 
8 0.5652905059207097 0.29576509984026456 0.055 0.055 
8 0.6177929027207517 0.30836567507227464 0.055 0.055 
8 0.44033480153660975 0.24851294272022673 0.055 0.055 
8 0.39623278822457453 0.286314668416257 0.055 0.055 
8 0.3426803434885316 0.31571601062428045 0.055 0.055 
8 0.306978713664503 0.3503675925123082 0.055 0.055 
8 0.3290297203205207 0.39866979756834686 0.055 0.055 
8 0.3920325964805711 0.34511735283230405 0.055 0.055 
8 0.25132617305645866 0.5110249267204368 0.055 0.055 
8 0.306978713664503 0.4732232010244065 0.055 0.055 
8 0.3626312542725476 0.46272272166439815 0.055 0.055 
8 0.3720816856965552 0.4196707562883637 0.055 0.055 
8 0.4088333634565846 0.4007698934403485 0.055 0.055 
8 0.4560855205766223 0.37871888678433097 0.055 0.055 
8 0.4455850412166139 0.443821858816383 0.055 0.055 
8 0.5106880132486661 0.4322713315203737 0.055 0.055 
8 0.5463896430726947 0.3860692223363368 0.055 0.055 
8 0.5883915605127282 0.35561783219231247 0.055 0.055 
8 0.648244292864776 0.3608680718723166 0.055 0.055 
8 0.700746689664818 0.3430172569603024 0.055 0.055 
8 0.6566446763527828 0.4123204207363578 0.055 0.055 
8 0.6177929027207517 0.46482281753639976 0.055 0.055 
8 0.6093925192327451 0.4144205166083595 0.055 0.055 
8 0.5705407456007139 0.4490720984963872 0.055 0.055 
8 0.569490697664713 0.516275166400441 0.055 0.055 
8 0.5138381570566686 0.4889739200644191 0.055 0.055 
8 0.46028571232062576 0.49422415974442335 0.055 0.055 
8 0.4046331717125812 0.5036745911684308 0.055 0.055 
8 0.40988341139258544 0.568777563200483 0.055 0.055 
8 0.37418178156855686 0.6170797682565216 0.055 0.055 
8 0.4350845618566056 0.6254801517445283 0.055 0.055 
8 0.31747919302451144 0.6044791930245115 0.055 0.055 
8 0.3426803434885317 0.653831446016551 0.055 0.055 
8 0.2796774673284813 0.6758824526725686 0.055 0.055 
8 0.3930826444165719 0.6611817815685569 0.055 0.055 
8 0.4644859040646291 0.6748324047365678 0.055 0.055 
8 0.5096379653126651 0.6475311584005459 0.055 0.055 
8 0.5505898348166979 0.5845282822404955 0.055 0.055 
8 0.6083424712967441 0.5656274193924804 0.055 0.055 
8 0.6587447722247844 0.50262454323243 0.055 0.055 
8 0.7154473607688299 0.5467265565444653 0.055 0.055 
8 0.7542991344008608 0.5950287616005039 0.055 0.055 
8 0.6692452515847929 0.5782279946244905 0.055 0.055 
8 0.6713453474567945 0.6338805352325351 0.055 0.055 
8 0.6881461144328079 0.6916331717125812 0.055 0.055 
8 0.7343482236168449 0.7357351850246165 0.055 0.055 
8 0.7963010518408944 0.7378352808966182 0.055 0.055 
8 0.7574492782088635 0.7871875338886576 0.055 0.055 
8 0.7427486071048517 0.8491403621127072 0.055 0.055 
8 0.7847505245448854 0.8921923274887418 0.055 0.055 
8 0.7385484153608484 0.9236937655687669 0.055 0.055 
8 0.6261932862087585 0.8071384446726736 0.055 0.055 
8 0.6198929985927534 0.7535859999366308 0.055 0.055 
8 0.6765955871367987 0.7420354726406215 0.055 0.055 
8 0.6839459226888047 0.8018882049926694 0.055 0.055 
8 0.6324935738247635 0.680082644416572 0.055 0.055 
8 0.5621403621127071 0.6601317336325561 0.055 0.055 
8 0.5778910811527198 0.7199844659846039 0.055 0.055 
8 0.4949372942086535 0.7115840824965971 0.055 0.055 
8 0.5274887802246795 0.7546360478726316 0.055 0.055 
8 0.5022876297606593 0.8123886843526779 0.055 0.055 
8 0.45293537676861984 0.8123886843526779 0.055 0.055 
8 0.4676360478726316 0.7598862875526359 0.055 0.055 
8 0.431934418048603 0.7063338428165931 0.055 0.055 
8 0.40358312377658034 0.7556860958086324 0.055 0.055 
