8 0.41002972032052065 0.43697008518435193 0.055 0.055 
8 0.427880535232535 0.4915725778563956 0.055 0.055 
8 0.41633000793652575 0.5503752622724427 0.055 0.055 
8 0.36277756320048304 0.5325244473604284 0.055 0.055 
8 0.37327804256049135 0.47792195468838466 0.055 0.055 
8 0.474082644416572 0.5598256936964502 0.055 0.055 
8 0.4908834113925855 0.4947227216643981 0.055 0.055 
8 0.5633367189766434 0.5199238721284182 0.055 0.055 
8 0.579087438016656 0.5755764127364628 0.055 0.055 
8 0.6074387322886787 0.47687190675238383 0.055 0.055 
8 0.5433858081926275 0.4569209959683679 0.055 0.055 
8 0.552836239616635 0.4044185991683259 0.055 0.055 
8 0.6126889719686829 0.38761783219231244 0.055 0.055 
8 0.5874878215046626 0.6480297203205208 0.055 0.055 
