8 0.8983491823368619 0.8225927109767484 0.055 0.055 
8 0.8458467855368197 0.7984416084487291 0.055 0.055 
8 0.7765436217607644 0.7826908894087166 0.055 0.055 
8 0.7324416084487291 0.7553896430726947 0.055 0.055 
8 0.7565927109767483 0.7028872462726526 0.055 0.055 
8 0.7355917522567316 0.6461846577286072 0.055 0.055 
8 0.6925397868806971 0.5905321171205627 0.055 0.055 
8 0.6851894513286912 0.535929624448519 0.055 0.055 
8 0.7334916563847298 0.5159787136645031 0.055 0.055 
8 0.7586928068487501 0.5674310625285442 0.055 0.055 
8 0.8080450598407894 0.6230836031365887 0.055 0.055 
8 0.7859940531847718 0.4918276111364839 0.055 0.055 
8 0.6232366231046417 0.5590306790405375 0.055 0.055 
8 0.6337371024646501 0.6146832196485821 0.055 0.055 
8 0.6809892595846878 0.6461846577286072 0.055 0.055 
8 0.6967399786247005 0.700787150400651 0.055 0.055 
8 0.6778391157766854 0.7700903141767064 0.055 0.055 
8 0.62113652723264 0.7406889719686829 0.055 0.055 
8 0.6232366231046418 0.7984416084487291 0.055 0.055 
8 0.6379372942086535 0.68713652723264 0.055 0.055 
8 0.5917351850246165 0.648284753600609 0.055 0.055 
8 0.5717842742406005 0.69973710246465 0.055 0.055 
8 0.5749344180486031 0.7837409373447173 0.055 0.055 
8 0.5192818774405585 0.7385888760966811 0.055 0.055 
8 0.5087813980805502 0.7910912728967231 0.055 0.055 
8 0.47307976825652154 0.7081374859526568 0.055 0.055 
8 0.5245321171205627 0.6766360478726315 0.055 0.055 
8 0.5392327882245745 0.61205809980858 0.055 0.055 
8 0.5665340345605963 0.5537804393605333 0.055 0.055 
8 0.5875349932806131 0.49497775494448626 0.055 0.055 
8 0.6410874380166559 0.5044281863684938 0.055 0.055 
8 0.41322703590447374 0.7238882049926695 0.055 0.055 
8 0.4216274193924805 0.6650855205766223 0.055 0.055 
8 0.43002780288048714 0.5936822609285652 0.055 0.055 
8 0.4415783301764964 0.5380297203205207 0.055 0.055 
8 0.4814801517445283 0.5831817815685568 0.055 0.055 
8 0.47307976825652154 0.6493348015366098 0.055 0.055 
8 0.5087813980805501 0.5380297203205207 0.055 0.055 
8 0.4783300079365258 0.49497775494448626 0.055 0.055 
8 0.5287323088645661 0.483427227648477 0.055 0.055 
8 0.568634130432598 0.42567459116843087 0.055 0.055 
8 0.5192818774405585 0.4225244473604283 0.055 0.055 
8 0.37017507052843923 0.5968324047365678 0.055 0.055 
8 0.36387478291243436 0.6619353767686198 0.055 0.055 
8 0.3481240638724217 0.7165378694406634 0.055 0.055 
8 0.398526364800462 0.5516803434885317 0.055 0.055 
8 0.35442435148842666 0.535929624448519 0.055 0.055 
8 0.3481240638724217 0.4855273235204787 0.055 0.055 
8 0.2956216670723797 0.5191288574725056 0.055 0.055 
8 0.23786903059233344 0.5327794806405166 0.055 0.055 
8 0.2893213794563746 0.47187670035246787 0.055 0.055 
8 0.3019219546883847 0.4141240638724216 0.055 0.055 
8 0.3355234886404115 0.42672463910443176 0.055 0.055 
8 0.37437526227244267 0.4456255019524468 0.055 0.055 
8 0.41742722764847695 0.43197487878443586 0.055 0.055 
8 0.40377660448046615 0.490777563200483 0.055 0.055 
8 0.4447284739844989 0.4582260771844569 0.055 0.055 
8 0.47622991206452414 0.4141240638724216 0.055 0.055 
8 0.4856803434885316 0.36687190675238385 0.055 0.055 
8 0.556033555200588 0.3731721943683889 0.055 0.055 
8 0.602235664384625 0.3479710439043687 0.055 0.055 
8 0.607485904064629 0.18731370969624017 0.055 0.055 
8 0.556033555200588 0.19886423699224942 0.055 0.055 
8 0.5003810145925434 0.20516452460825452 0.055 0.055 
8 0.4615292409605123 0.15581227161621503 0.055 0.055 
8 0.30402205056038634 0.12011064179218645 0.055 0.055 
8 0.2924715232643771 0.1810134220802352 0.055 0.055 
8 0.24521936614433937 0.21671505190426366 0.055 0.055 
8 0.25781994137634934 0.25976701728029816 0.055 0.055 
8 0.2966717150083804 0.28706826361632 0.055 0.055 
8 0.3092722902403905 0.23561591475227883 0.055 0.055 
8 0.372275166400441 0.22406538745626958 0.055 0.055 
8 0.34497392006441907 0.15056203193621082 0.055 0.055 
8 0.2504696058243435 0.3080692223363367 0.055 0.055 
8 0.26832042073635776 0.3511211877123712 0.055 0.055 
8 0.3019219546883847 0.38262262579239636 0.055 0.055 
8 0.38382569369645025 0.33852061248036114 0.055 0.055 
8 0.43737813843249307 0.3259200372483511 0.055 0.055 
8 0.43317794668848963 0.37002205056038634 0.055 0.055 
8 0.4016765086084645 0.39837334483240905 0.055 0.055 
8 0.3554743994244275 0.3742222423043897 0.055 0.055 
8 0.5245321171205626 0.2482164899842889 0.055 0.055 
8 0.5329325006085694 0.32276989344034857 0.055 0.055 
8 0.424777563200483 0.27236759251230824 0.055 0.055 
