8 0.26706634617628633 0.344417640448309 0.055 0.055 
8 0.31431850329632416 0.2961154353922705 0.055 0.055 
8 0.35002013312035274 0.3433675925123082 0.055 0.055 
8 0.35737046867235867 0.3937698934403485 0.055 0.055 
8 0.302767976000315 0.38746960582434353 0.055 0.055 
8 0.2460653874562696 0.39797008518435195 0.055 0.055 
8 0.23451486016026035 0.4599229134084014 0.055 0.055 
8 0.29121744870430577 0.4420720984963872 0.055 0.055 
8 0.26391620236828395 0.5040249267204368 0.055 0.055 
8 0.3185186950403276 0.49562454323243005 0.055 0.055 
8 0.35317027692835534 0.45572272166439814 0.055 0.055 
8 0.2796669214082965 0.561777563200483 0.055 0.055 
8 0.3384696058243435 0.5701779466884896 0.055 0.055 
8 0.40042243404839306 0.5880287616005039 0.055 0.055 
8 0.42037334483240907 0.685683219648582 0.055 0.055 
8 0.40042243404839306 0.6405311584005459 0.055 0.055 
8 0.4644753581444443 0.7392356643846248 0.055 0.055 
8 0.5033271317764755 0.7077342263045997 0.055 0.055 
8 0.5495292409605124 0.7350354726406215 0.055 0.055 
8 0.5841808228485401 0.7896379653126652 0.055 0.055 
8 0.6188324047365679 0.836890122432703 0.055 0.055 
8 0.5600297203205207 0.843190410048708 0.055 0.055 
8 0.6345831237765803 0.7759873421446543 0.055 0.055 
8 0.6765850412166139 0.7371355685126232 0.055 0.055 
8 0.6093819733125603 0.7276851370886156 0.055 0.055 
8 0.6471836990085904 0.6846331717125812 0.055 0.055 
8 0.729087438016656 0.5292260771844569 0.055 0.055 
8 0.7175369107206467 0.47147344070441066 0.055 0.055 
8 0.6755349932806131 0.43367171500838053 0.055 0.055 
8 0.6786851370886157 0.49562454323243005 0.055 0.055 
8 0.5841808228485401 0.26776414112024777 0.055 0.055 
8 0.4487246391044317 0.2719643328642511 0.055 0.055 
8 0.3846717150083805 0.2971654833282713 0.055 0.055 
8 0.6975859999366307 0.6100797682565215 0.055 0.055 
8 0.6366832196485821 0.6300306790405376 0.055 0.055 
8 0.5705301996805291 0.6258304872965342 0.055 0.055 
8 0.5936312542725476 0.5827785219204997 0.055 0.055 
8 0.5369286657285022 0.5859286657285022 0.055 0.055 
8 0.48967650860846446 0.5743781384324931 0.055 0.055 
8 0.4403242556164251 0.5523271317764754 0.055 0.055 
8 0.4119729613444023 0.5229257895684518 0.055 0.055 
8 0.39727229024039046 0.41897104390436873 0.055 0.055 
8 0.4875764127364628 0.29926557920027297 0.055 0.055 
8 0.43612406387242164 0.3192164899842889 0.055 0.055 
8 0.577880535232535 0.36961879091232924 0.055 0.055 
8 0.5495292409605124 0.3286669214082965 0.055 0.055 
8 0.5411288574725056 0.28876509984026455 0.055 0.055 
8 0.48022607718445687 0.4126707562883637 0.055 0.055 
8 0.5295783301764964 0.41477085216036536 0.055 0.055 
8 0.5106774673284813 0.38746960582434353 0.055 0.055 
8 0.5684301038085274 0.40532042073635777 0.055 0.055 
8 0.5810306790405375 0.44102205056038635 0.055 0.055 
8 0.5222279946244905 0.5124253102084434 0.055 0.055 
8 0.5663300079365258 0.4767236803844149 0.055 0.055 
8 0.49597679622446944 0.48092387212841825 0.055 0.055 
8 0.4350740159364208 0.4840740159364208 0.055 0.055 
8 0.4319238721284182 0.43787190675238385 0.055 0.055 
8 0.43927420768042413 0.3864195578883427 0.055 0.055 
8 0.40042243404839306 0.34861783219231246 0.055 0.055 
8 0.6156822609285653 0.5040249267204368 0.055 0.055 
8 0.6240826444165719 0.4494224340483931 0.055 0.055 
8 0.6282828361605753 0.38536950995234187 0.055 0.055 
8 0.5999315418885526 0.3265668255362948 0.055 0.055 
8 0.4644753581444443 0.5197756457604494 0.055 0.055 
8 0.6681846577286072 0.5512770838404746 0.055 0.055 
8 0.7059863834246375 0.5638776590724847 0.055 0.055 
8 0.6471836990085904 0.5911789054085065 0.055 0.055 
8 0.5810306790405375 0.5187255978244485 0.055 0.055 
8 0.5547794806405165 0.5502270359044737 0.055 0.055 
8 0.39937238611239223 0.24781323033623182 0.055 0.055 
