8 0.5353375001495981 0.36752486357505665 0.055 0.055 
8 0.551499883149819 0.4221691108615176 0.055 0.055 
8 0.5853639237217102 0.4683473480050057 0.055 0.055 
8 0.5969084830075821 0.5229915952914667 0.055 0.055 
8 0.550730245864094 0.5753269307207531 0.055 0.055 
8 0.5291804018637997 0.6368979135787373 0.055 0.055 
8 0.4937770867204587 0.5891804018637997 0.055 0.055 
8 0.49069853757755955 0.5368450664345131 0.055 0.055 
8 0.5407249611496717 0.513755947862769 0.055 0.055 
8 0.5122483815778539 0.4652687988621065 0.055 0.055 
8 0.4937770867204587 0.4067763651470216 0.055 0.055 
8 0.44144175129117214 0.39215325671825035 0.055 0.055 
8 0.44605957500552096 0.44525822943326165 0.055 0.055 
8 0.4629915952914667 0.4929757411481994 0.055 0.055 
8 0.41296517171935454 0.5029810258626218 0.055 0.055 
8 0.43605429029109866 0.5537770867204588 0.055 0.055 
8 0.42835791743385054 0.6122695204355436 0.055 0.055 
