8 0.3385462361331086 0.9539788611423103 0.055 0.055 
8 0.317766029418539 0.8977953392843998 0.055 0.055 
8 0.3816459241336975 0.904722074855923 0.055 0.055 
8 0.8249570007111835 0.6376579367094167 0.055 0.055 
8 0.7587681941388504 0.6276526519949943 0.055 0.055 
8 0.7210559671383352 0.659977417995436 0.055 0.055 
8 0.6979668485665911 0.6076420825661495 0.055 0.055 
8 0.7433754484243544 0.5683905809941845 0.055 0.055 
8 0.7980196957108154 0.5568460217083125 0.055 0.055 
8 0.8565121294259003 0.523751618422146 0.055 0.055 
8 0.8726745124261212 0.4691073711356851 0.055 0.055 
8 0.9026903665693884 0.4067667509919761 0.055 0.055 
8 0.8903761699977916 0.3451957681339919 0.055 0.055 
8 0.8588210412830747 0.30517462927630246 0.055 0.055 
8 0.8388104718542299 0.3659759748485616 0.055 0.055 
8 0.7872447737106681 0.3782901714201584 0.055 0.055 
8 0.7356790755671063 0.37521162227725924 0.055 0.055 
8 0.7156685061382615 0.4313951441351698 0.055 0.055 
8 0.6971972112808663 0.4806519304215572 0.055 0.055 
8 0.7433754484243544 0.5129766964219988 0.055 0.055 
8 0.8034071567108889 0.500662499850402 0.055 0.055 
8 0.8295748244255322 0.42908623227799536 0.055 0.055 
8 0.6918097502807927 0.5360658149937428 0.055 0.055 
8 0.7726216652818969 0.44755752713539065 0.055 0.055 
8 0.6310084047085334 0.5129766964219988 0.055 0.055 
8 0.6410136894229557 0.45217535084973937 0.055 0.055 
8 0.6641028079946998 0.40368820184907694 0.055 0.055 
8 0.5825212557078708 0.47064664570713466 0.055 0.055 
8 0.58559980485077 0.41138457470632483 0.055 0.055 
8 0.6033014624224404 0.3628974257056624 0.055 0.055 
8 0.543269754135906 0.36674561213428636 0.055 0.055 
8 0.5163324491355379 0.4444789779924915 0.055 0.055 
8 0.5386519304215571 0.523751618422146 0.055 0.055 
8 0.5717463337077237 0.5884011504230293 0.055 0.055 
8 0.5355733812786578 0.6345793875665175 0.055 0.055 
8 0.5786730692792469 0.6769094382813816 0.055 0.055 
8 0.5994532759938165 0.7269358618534938 0.055 0.055 
8 0.5455786659930804 0.7207787635676953 0.055 0.055 
8 0.47554167299212335 0.6853754484243544 0.055 0.055 
8 0.4509132798489297 0.6345793875665175 0.055 0.055 
8 0.49401296784951865 0.5799351402800565 0.055 0.055 
8 0.38703338513377117 0.6422757604237654 0.055 0.055 
8 0.32546240227578693 0.6422757604237654 0.055 0.055 
8 0.35316934456187987 0.589940424994479 0.055 0.055 
8 0.36471390384775193 0.5329872658508437 0.055 0.055 
8 0.3554782564190542 0.47372519485003384 0.055 0.055 
8 0.42397597484856153 0.523751618422146 0.055 0.055 
8 0.41858851384848794 0.5706994928513589 0.055 0.055 
8 0.44167763242023206 0.4360129678495186 0.055 0.055 
8 0.4816987712779217 0.37982944599160806 0.055 0.055 
8 0.4301330731343601 0.3659759748485616 0.055 0.055 
8 0.39165120884812 0.4098453001348753 0.055 0.055 
8 0.329310588704411 0.4044578391348017 0.055 0.055 
8 0.3000643718468685 0.4490968017068402 0.055 0.055 
8 0.2854412634180973 0.535296177708018 0.055 0.055 
8 0.23464520256026034 0.5360658149937427 0.055 0.055 
8 0.2484986737033067 0.4791126558501074 0.055 0.055 
8 0.2177131822743147 0.44293970342104183 0.055 0.055 
8 0.18846696541677221 0.5106677845648243 0.055 0.055 
8 0.1476761892733578 0.5599245708512116 0.055 0.055 
8 0.11919960970153998 0.5037410489933011 0.055 0.055 
8 0.09611049112979597 0.45063607627828983 0.055 0.055 
8 0.05224116584348226 0.4983535879932276 0.055 0.055 
8 0.15614219941633056 0.4490968017068402 0.055 0.055 
8 0.13613162998748563 0.39830074084900335 0.055 0.055 
8 0.20001152470264427 0.3952221917061042 0.055 0.055 
8 0.24926831098903157 0.4067667509919761 0.055 0.055 
8 0.2977554599896941 0.35135286641979047 0.055 0.055 
8 0.31237856841846534 0.3005568055619534 0.055 0.055 
8 0.3762584631336239 0.3344208461338447 0.055 0.055 
8 0.33777659884738376 0.25745711756136447 0.055 0.055 
8 0.4247456121342864 0.2489911074183917 0.055 0.055 
8 0.259273595703454 0.3067139038477519 0.055 0.055 
8 0.2053989857027178 0.267462402275787 0.055 0.055 
8 0.20924717213134192 0.3367297579910191 0.055 0.055 
