8 0.7652130654241336 0.7099728548544507 0.055 0.055 
8 0.6343747268509172 0.6099200077102265 0.055 0.055 
8 0.6582334827083861 0.5575846722809399 0.055 0.055 
8 0.5805001168501811 0.5706685061382615 0.055 0.055 
8 0.5273951441351697 0.5868308891384824 0.055 0.055 
8 0.44427431727689126 0.5698988688525367 0.055 0.055 
8 0.39809608013340303 0.5421919265664439 0.055 0.055 
8 0.46505452399146074 0.518333170708975 0.055 0.055 
8 0.5196987712779217 0.5383437401378198 0.055 0.055 
8 0.4850650934203057 0.4613800115653396 0.055 0.055 
8 0.42118519870514703 0.44983545227946764 0.055 0.055 
8 0.40502281570492626 0.3751806355641619 0.055 0.055 
8 0.3696195005615853 0.33054167299212334 0.055 0.055 
8 0.35345711756136455 0.2712796019913136 0.055 0.055 
8 0.46505452399146074 0.3998090287073556 0.055 0.055 
