2 0.29234041062484856 0.24551701621966016 0.15 0.15 
2 0.3740616861541646 0.21212552729370304 0.15 0.15 
2 0.4909318973950144 0.13567659212111705 0.15 0.15 
2 0.589348917387309 0.09086169908891142 0.15 0.15 
2 0.6684340227382601 0.17082552783265084 0.15 0.15 
2 0.6517382782752815 0.27099999461052215 0.15 0.15 
2 0.5823191302450023 0.20070212318745456 0.15 0.15 
2 0.28706807026811837 0.43180637549078926 0.15 0.15 
2 0.6868872139868154 0.7428744565378633 0.15 0.15 
2 0.675463809880567 0.5978850967277866 0.15 0.15 
2 0.45138934471953895 0.7455106267162285 0.15 0.15 
2 0.4654489190041525 0.8553510508147716 0.15 0.15 
2 0.34330636740657244 0.13040425176438697 0.15 0.15 
2 0.5489276413190453 0.37117446138839355 0.15 0.15 
2 0.43732977043492544 0.4230191415629058 0.15 0.15 
2 0.38372764347483646 0.45113829013213286 0.15 0.15 
2 0.34857870776330263 0.3738106315667585 0.15 0.15 
2 0.43732977043492544 0.5697659481585595 0.15 0.15 
2 0.5348680670344318 0.7569340308224769 0.15 0.15 
2 0.5304744500704901 0.4792574387013599 0.15 0.15 
