2 0.66869280684875 0.29886903059233344 0.15 0.15 
2 0.5846889719686829 0.38917315308840567 0.15 0.15 
2 0.688643717632766 0.44272559782444854 0.15 0.15 
2 0.5951894513286913 0.4805273235204787 0.15 0.15 
2 0.4765340345605963 0.43747535814444427 0.15 0.15 
2 0.5279863834246374 0.5214791930245115 0.15 0.15 
2 0.4450325964805711 0.577131733632556 0.15 0.15 
2 0.3452780425604914 0.5897323088645661 0.15 0.15 
2 0.2854253102084434 0.5067785219204998 0.15 0.15 
2 0.3547284739844989 0.42172463910443175 0.15 0.15 
2 0.5258862875526359 0.2841683594883217 0.15 0.15 
2 0.379929624448519 0.6726860958086325 0.15 0.15 
2 0.484934418048603 0.6726860958086325 0.15 0.15 
2 0.6434916563847298 0.7073376776966602 0.15 0.15 
