6 0.38939294497753524 0.4338086658978551 0.03 0.03 
6 0.4225896920145704 0.45141300144779795 0.03 0.03 
6 0.4502536478787664 0.47605907121771807 0.03 0.03 
6 0.4648400973344334 0.5072438941919026 0.03 0.03 
6 0.43667316045452476 0.5273631348204088 0.03 0.03 
6 0.4165539198260186 0.557541995763168 0.03 0.03 
6 0.46081624920873215 0.5515062235746161 0.03 0.03 
6 0.4955219392929052 0.5711224831874097 0.03 0.03 
6 0.5342514775027796 0.5776612363916741 0.03 0.03 
6 0.5513528320370099 0.5474823754489148 0.03 0.03 
6 0.5191620470314 0.5404406412289376 0.03 0.03 
6 0.48797722405721544 0.5293750588832593 0.03 0.03 
6 0.5875674651683209 0.5404406412289376 0.03 0.03 
6 0.5654363004769641 0.5097587992704659 0.03 0.03 
6 0.530730610392791 0.5087528372390405 0.03 0.03 
6 0.4572953820987436 0.4408504001178322 0.03 0.03 
6 0.4894861671043534 0.44839511535352206 0.03 0.03 
6 0.5196650280471127 0.42525798863074 0.03 0.03 
6 0.5493409079741592 0.4448742482435335 0.03 0.03 
6 0.5644303384455388 0.47455012817058007 0.03 0.03 
6 0.5956151614197235 0.48561571051625846 0.03 0.03 
6 0.532239553439929 0.4770650332491433 0.03 0.03 
6 0.49853982538718117 0.4820948434062699 0.03 0.03 
