6 0.39862167254768377 0.46379674183500447 0.03 0.03 
6 0.3966097484848331 0.49699348887203965 0.03 0.03 
6 0.36944877363634987 0.521136577626247 0.03 0.03 
6 0.4056634067676609 0.5306932169247875 0.03 0.03 
6 0.4343333246632822 0.511076957311994 0.03 0.03 
6 0.42779457145901767 0.4788861723063841 0.03 0.03 
6 0.4489197741189491 0.44770134933219957 0.03 0.03 
6 0.4619972805274781 0.4874368495734992 0.03 0.03 
6 0.48261950217169697 0.4562520265993147 0.03 0.03 
6 0.5158162492087321 0.4431745201907856 0.03 0.03 
6 0.5535398253871812 0.4502162544107628 0.03 0.03 
6 0.5243669264758474 0.4763712672278208 0.03 0.03 
6 0.495697008580226 0.49699348887203965 0.03 0.03 
6 0.4801045970931337 0.5352200460662013 0.03 0.03 
6 0.4906671984230994 0.5709316981817998 0.03 0.03 
6 0.521852021397284 0.5543333246632821 0.03 0.03 
6 0.546498091167204 0.5362260080976267 0.03 0.03 
6 0.5761739710942506 0.521136577626247 0.03 0.03 
6 0.6068558130527225 0.4939756027777637 0.03 0.03 
6 0.5801978192199518 0.4763712672278208 0.03 0.03 
6 0.5369414518686635 0.5080590712177181 0.03 0.03 
6 0.5600785785914456 0.49598752684061437 0.03 0.03 
6 0.5143073061615941 0.5231485016890977 0.03 0.03 
6 0.5485100152300547 0.5804883374803402 0.03 0.03 
6 0.6289869777440792 0.4678205899607057 0.03 0.03 
