8 0.6374688964367214 0.3609810258626218 0.055 0.055 
8 0.585133561007435 0.3840701444343659 0.055 0.055 
8 0.6320814354366479 0.4140859985776331 0.055 0.055 
8 0.5966781202933069 0.4671909712926445 0.055 0.055 
8 0.549730245864094 0.4317876561493036 0.055 0.055 
8 0.5027823714348811 0.4702695204355437 0.055 0.055 
8 0.5127876561493036 0.534919052436427 0.055 0.055 
8 0.4650701444343659 0.5125995711504078 0.055 0.055 
8 0.39580278871913366 0.4933586390072877 0.055 0.055 
8 0.42197045643377695 0.5441546998651247 0.055 0.055 
8 0.47276651729161384 0.5734009167226671 0.055 0.055 
8 0.4188919072908778 0.6018774962944848 0.055 0.055 
8 0.36655657186159124 0.5726312794369424 0.055 0.055 
8 0.4465988495769706 0.6480557334379728 0.055 0.055 
