9 0.08445616228756515 0.30492289400397515 0.09 0.09 
9 0.15603242985997173 0.20640932143120047 0.09 0.09 
9 0.22837833471810312 0.11251357257277465 0.09 0.09 
9 0.4531124221497453 0.14714725043039073 0.09 0.09 
9 0.5316154252936751 0.12713668100154588 0.09 0.09 
9 0.59010785900876 0.2164146061456229 0.09 0.09 
9 0.6347468215807985 0.28491232457513027 0.09 0.09 
9 0.7694333465826388 0.38650444629080416 0.09 0.09 
9 0.924900078299049 0.44807542914878834 0.09 0.09 
9 0.2999546022905097 0.27028921614635903 0.09 0.09 
9 0.186048284003239 0.32031563971847116 0.09 0.09 
9 0.4215572934350284 0.2641321178605606 0.09 0.09 
9 0.4962121101503342 0.2972265211467271 0.09 0.09 
9 0.3268919072908778 0.42344703600559463 0.09 0.09 
9 0.2745565718615912 0.503489313720974 0.09 0.09 
9 0.15449315528852214 0.5096464120067724 0.09 0.09 
9 0.11832020285945644 0.670500604723256 0.09 0.09 
9 0.12293802657380525 0.7767105501532787 0.09 0.09 
9 0.4954424728646094 0.4680859985776331 0.09 0.09 
9 0.4531124221497453 0.39958828014812575 0.09 0.09 
9 0.5885685844373104 0.3688027887191337 0.09 0.09 
9 0.3761486935772651 0.5896886897221518 0.09 0.09 
9 0.3838450664345131 0.5088767747210476 0.09 0.09 
9 0.8156115837261271 0.6420240251514384 0.09 0.09 
9 0.8679469191554136 0.690511174152101 0.09 0.09 
9 0.7763600821541621 0.7220663028668177 0.09 0.09 
9 0.88180039029846 0.5919976015793262 0.09 0.09 
9 0.8217686820119254 0.5373533542928653 0.09 0.09 
9 0.7209461975819763 0.5612121101503342 0.09 0.09 
9 0.660144852009717 0.6381758387228145 0.09 0.09 
9 0.5793329370086128 0.7112913808666705 0.09 0.09 
9 0.5416207100080975 0.7851765602962515 0.09 0.09 
9 0.4985210220075086 0.7143699300095697 0.09 0.09 
9 0.47620154072148935 0.6312491031512911 0.09 0.09 
9 0.419248381577854 0.6843540758663026 0.09 0.09 
9 0.46465698143561734 0.550437188150187 0.09 0.09 
9 0.8379310650121463 0.7705534518674804 0.09 0.09 
9 0.28379221929028886 0.19409512485960365 0.09 0.09 
9 0.345363202148273 0.3449440328616648 0.09 0.09 
9 0.33074009371950175 0.6743487911518801 0.09 0.09 
9 0.652448479152469 0.7366894112955891 0.09 0.09 
9 0.6370557334379728 0.8090353161537204 0.09 0.09 
