9 0.2955958292611484 0.4414531134280559 0.09 0.09 
9 0.300520775913703 0.5421409116580614 0.09 0.09 
9 0.4345887681221343 0.5197050435742014 0.09 0.09 
9 0.4624967991532771 0.4091673520390867 0.09 0.09 
9 0.5500514063098038 0.42120611052310913 0.09 0.09 
9 0.6151701453824703 0.4480197089647954 0.09 0.09 
9 0.723518971738672 0.4715500096381119 0.09 0.09 
9 0.809979146305742 0.3478791270295181 0.09 0.09 
9 0.7563519494223695 0.3478791270295181 0.09 0.09 
9 0.6463614741819829 0.3139517167563641 0.09 0.09 
9 0.5478625411308906 0.3292737730087562 0.09 0.09 
9 0.4411553636588738 0.25649400580989357 0.09 0.09 
9 0.42911660517485145 0.3265376915351148 0.09 0.09 
9 0.3760366245862072 0.34350139667169177 0.09 0.09 
9 0.20585235692570863 0.39767580984979256 0.09 0.09 
9 0.1850581377260336 0.3161405819352773 0.09 0.09 
9 0.44498587772197185 0.659792415024644 0.09 0.09 
9 0.40886960226990465 0.742422075528616 0.09 0.09 
9 0.5380126478257813 0.7254583703920389 0.09 0.09 
9 0.5440320270677925 0.6690950920350249 0.09 0.09 
9 0.5516930551939886 0.6198456255094789 0.09 0.09 
9 0.6315866342243192 0.5777099708154003 0.09 0.09 
9 0.7333688650437812 0.5749738893417589 0.09 0.09 
9 0.7530686516539997 0.6783977690454059 0.09 0.09 
9 0.7169523762019324 0.7561024828968232 0.09 0.09 
9 0.6852138311076916 0.6357148980565992 0.09 0.09 
9 0.5451264596572492 0.5481602909000726 0.09 0.09 
9 0.3880753830702296 0.4502085741437086 0.09 0.09 
9 0.6321338505190475 0.7035697186029073 0.09 0.09 
9 0.23704368572522125 0.4868720658905041 0.09 0.09 
9 0.1675472162947283 0.5054774199112659 0.09 0.09 
9 0.2917653151980504 0.35170964109261615 0.09 0.09 
9 0.4657800969216469 0.5952208922467057 0.09 0.09 
