9 0.47805356786036673 0.28082618873173487 0.09 0.09 
9 0.5670032923848541 0.25551529150931973 0.09 0.09 
9 0.6183482553217533 0.3336174886527721 0.09 0.09 
9 0.43394028984415756 0.3553125434148422 0.09 0.09 
9 0.35583809270070527 0.544782688336921 0.09 0.09 
9 0.30883214071622006 0.6720603429410655 0.09 0.09 
9 0.40356721317725947 0.6763993538934795 0.09 0.09 
9 0.49902545413036786 0.45800246928864063 0.09 0.09 
9 0.5077034760351958 0.544059519844852 0.09 0.09 
9 0.5698959663531301 0.46884999666967564 0.09 0.09 
9 0.5482009115910601 0.3987026529389823 0.09 0.09 
9 0.5286753623051971 0.7147272839731367 0.09 0.09 
9 0.4397256377807096 0.5939581457976132 0.09 0.09 
9 0.6277494457186503 0.4992230733365738 0.09 0.09 
9 0.5959300320676142 0.6293934019089943 0.09 0.09 
9 0.5330143732576109 0.5852801238927852 0.09 0.09 
