9 0.6263723861123922 0.09800958720016797 0.09 0.09 
9 0.556019174400336 0.17886327827223267 0.09 0.09 
9 0.4541645246082545 0.2177150519042637 0.09 0.09 
9 0.34915973100817055 0.19461399731224527 0.09 0.09 
9 0.2494051770880907 0.1547121757442133 0.09 0.09 
9 0.1759018215680319 0.11901054592018477 0.09 0.09 
9 0.2662059440641042 0.25761687347229567 0.09 0.09 
9 0.6221721943683889 0.4067236803844149 0.09 0.09 
9 0.726126940032472 0.40147344070441066 0.09 0.09 
9 0.7597284739844989 0.4896774673284813 0.09 0.09 
9 0.6715244473604284 0.4812770838404746 0.09 0.09 
9 0.6557737283204158 0.5757813980805502 0.09 0.09 
9 0.5875206124803611 0.5526803434885317 0.09 0.09 
9 0.4909162023682839 0.5117284739844989 0.09 0.09 
9 0.5024667296642931 0.6072828361605753 0.09 0.09 
9 0.5087670172802982 0.7059873421446542 0.09 0.09 
9 0.46676509984026454 0.8655946284167819 0.09 0.09 
9 0.5843704686723585 0.6261836990085905 0.09 0.09 
9 0.6620740159364208 0.6786860958086325 0.09 0.09 
9 0.7502780425604914 0.7143877256326611 0.09 0.09 
9 0.8363819733125603 0.773190410048708 0.09 0.09 
9 0.7607785219204998 0.8183424712967442 0.09 0.09 
9 0.6746745911684309 0.7826408414727156 0.09 0.09 
9 0.831131733632556 0.9159969293448224 0.09 0.09 
9 0.5875206124803611 0.7416889719686829 0.09 0.09 
9 0.3670105459201848 0.29961879091232924 0.09 0.09 
9 0.3092579094401386 0.8970960664968071 0.09 0.09 
9 0.2021530199680529 0.9359478401288381 0.09 0.09 
9 0.3922116963842049 0.9506485112328501 0.09 0.09 
9 0.15910105459201848 0.20826462048025615 0.09 0.09 
9 0.16540134220802352 0.30276893472033173 0.09 0.09 
