9 0.4008610775424325 0.2981422148424216 0.09 0.09 
9 0.3871208761931214 0.4066174886527721 0.09 0.09 
9 0.3487929461134643 0.48471968579622443 0.09 0.09 
9 0.43701950214588264 0.4825501803200174 0.09 0.09 
9 0.5888848854803733 0.4832733488120864 0.09 0.09 
9 0.6930211483383096 0.49845988714553546 0.09 0.09 
9 0.6380603429410655 0.5635450514317457 0.09 0.09 
9 0.549110618416578 0.5664377254000217 0.09 0.09 
9 0.45943772540002176 0.5664377254000217 0.09 0.09 
9 0.5064436773845069 0.656110618416578 0.09 0.09 
