9 0.24293418500625716 0.48435791743385054 0.09 0.09 
9 0.2260021647203115 0.56440019514923 0.09 0.09 
9 0.24832164600633075 0.7468042318660081 0.09 0.09 
9 0.34683521857910543 0.8083752147239921 0.09 0.09 
9 0.42610785900875997 0.8591712755818292 0.09 0.09 
9 0.422259672580136 0.685233249008024 0.09 0.09 
9 0.5138465095813874 0.4212476600044168 0.09 0.09 
9 0.3699243371508495 0.37199087371802947 0.09 0.09 
9 0.33836920843613255 0.4705044462908041 0.09 0.09 
9 0.31143190343576455 0.579792940863726 0.09 0.09 
9 0.40224910315129114 0.24423108428771237 0.09 0.09 
9 0.4699771842950737 0.16957626757240657 0.09 0.09 
9 0.5138465095813874 0.11954984400029446 0.09 0.09 
9 0.47690391986659697 0.2919485960026501 0.09 0.09 
9 0.40455801500846555 0.31503771457439417 0.09 0.09 
9 0.38762599472251996 0.15033533542928654 0.09 0.09 
9 0.46228081143782573 0.3512106670034598 0.09 0.09 
9 0.6123600821541622 0.645981747436059 0.09 0.09 
9 0.6723917904406967 0.622892628864315 0.09 0.09 
9 0.6169779058685109 0.5590127341491563 0.09 0.09 
9 0.5484801874390035 0.5289968800058891 0.09 0.09 
9 0.4676682724378993 0.5867196764352494 0.09 0.09 
9 0.6908630852980918 0.8676372857248019 0.09 0.09 
9 0.5023019502955154 0.8668676484390772 0.09 0.09 
9 0.8209317865855835 0.5320754291487884 0.09 0.09 
9 0.7516644308703512 0.4489546022905097 0.09 0.09 
9 0.651611583726127 0.4874364665767498 0.09 0.09 
9 0.3445263067219311 0.6829243371508495 0.09 0.09 
9 0.266792940863726 0.101848186428624 0.09 0.09 
9 0.24370382229198195 0.15803170828653454 0.09 0.09 
9 0.30758371700714054 0.18266010142972822 0.09 0.09 
9 0.24447345957770678 0.3735301482894791 0.09 0.09 
9 0.8047694035853626 0.8545534518674803 0.09 0.09 
9 0.8324763458714554 0.7444953200088337 0.09 0.09 
9 0.7616697155847737 0.649829933864683 0.09 0.09 
9 0.7986123052995642 0.5767143917208268 0.09 0.09 
9 0.546940912867554 0.634437188150187 0.09 0.09 
9 0.6493026718689525 0.40739418886137035 0.09 0.09 
9 0.8086175900139866 0.3666034127179559 0.09 0.09 
