9 0.45542667304703066 0.29954261877631366 0.09 0.09 
9 0.5128843839935011 0.4286856643321903 0.09 0.09 
9 0.6163082636971482 0.4204774199112659 0.09 0.09 
9 0.6496884576755739 0.3515281667755013 0.09 0.09 
9 0.6759548398225319 0.23551831229310358 0.09 0.09 
9 0.40562999022675617 0.4489326672371371 0.09 0.09 
9 0.32901970896479543 0.4593297768369746 0.09 0.09 
9 0.24037066921881226 0.4259495828585489 0.09 0.09 
9 0.256787158060661 0.5135041900150754 0.09 0.09 
9 0.20808490782984307 0.5857367409192099 0.09 0.09 
9 0.5703420949399717 0.5923033364559495 0.09 0.09 
9 0.4888068670254564 0.5239012996149129 0.09 0.09 
9 0.5719837438241566 0.5080320270677925 0.09 0.09 
9 0.6288942384758989 0.47684069826827996 0.09 0.09 
9 0.6841630842434563 0.5567342772986105 0.09 0.09 
9 0.7317709018848176 0.6508554799918764 0.09 0.09 
9 0.6513301065597589 0.6793107273177476 0.09 0.09 
9 0.4472184286261063 0.6202113674870922 0.09 0.09 
9 0.4061772065214844 0.6771218621388344 0.09 0.09 
9 0.350908360753927 0.5529037632355123 0.09 0.09 
9 0.37553309401670015 0.36028362749115395 0.09 0.09 
9 0.5572089038664927 0.311581377260336 0.09 0.09 
9 0.6338191851284535 0.6322501259711146 0.09 0.09 
9 0.5687004460557868 0.695179999864868 0.09 0.09 
