9 0.06614221484242162 0.4194701449220788 0.09 0.09 
9 0.12688836817621788 0.35004596968345447 0.09 0.09 
9 0.4855799402424434 0.34353745325483354 0.09 0.09 
9 0.6569708728627971 0.31605705055621136 0.09 0.09 
9 0.6974683084186613 0.4194701449220788 0.09 0.09 
9 0.6613098838152112 0.5163747228593252 0.09 0.09 
9 0.7488132713555604 0.6031549419076055 0.09 0.09 
9 0.6916829604821092 0.6740254541303679 0.09 0.09 
9 0.6880671180217642 0.7658678526231313 0.09 0.09 
9 0.6099649208783119 0.8244445004807205 0.09 0.09 
9 0.4154325965117501 0.5518099789707064 0.09 0.09 
9 0.4891957827027884 0.5040808584941522 0.09 0.09 
9 0.5680211483383096 0.3529386436517305 0.09 0.09 
9 0.612134426354519 0.4230859873824238 0.09 0.09 
