9 0.3545701846408427 0.5034070394163727 0.09 0.09 
9 0.43957397629628125 0.5728184195847189 0.09 0.09 
9 0.47679457145901766 0.6683848125701232 0.09 0.09 
9 0.5884563569472269 0.6558102871773068 0.09 0.09 
9 0.6634005282884122 0.6060151666217541 0.09 0.09 
9 0.6236650280471127 0.5200054129348902 0.09 0.09 
9 0.5376552743602487 0.5104487736363499 0.09 0.09 
9 0.5849354898372383 0.4148823806509456 0.09 0.09 
9 0.5472119136587892 0.3821886146296231 0.09 0.09 
9 0.47176476130189116 0.33591436118405893 0.09 0.09 
9 0.3545701846408427 0.3771588044724965 0.09 0.09 
9 0.40235338113354485 0.43902546940515297 0.09 0.09 
9 0.4868541917732708 0.44506124159370486 0.09 0.09 
9 0.4335382041077294 0.5084368495734992 0.09 0.09 
9 0.5371522933445363 0.5687945714590177 0.09 0.09 
