9 0.45915926300610993 0.8394220555803569 0.09 0.09 
9 0.4791698324349548 0.7339817474360589 0.09 0.09 
9 0.5476675508644621 0.8655897232950001 0.09 0.09 
9 0.6046207100080975 0.7162800898643885 0.09 0.09 
9 0.6561864081516592 0.7732332490080239 0.09 0.09 
9 0.7169877537239185 0.7701546998651247 0.09 0.09 
9 0.8062656788679956 0.7732332490080239 0.09 0.09 
9 0.8501350041543093 0.663944754435102 0.09 0.09 
9 0.8586010142972822 0.5023209244328936 0.09 0.09 
9 0.5569031982931598 0.5654311818623273 0.09 0.09 
9 0.6692702420089809 0.4284357450033126 0.09 0.09 
9 0.7262234011526163 0.419200097574615 0.09 0.09 
9 0.7977996687250228 0.3784093214312005 0.09 0.09 
9 0.7169877537239185 0.3245347114304643 0.09 0.09 
9 0.7639356281531314 0.26912082685827865 0.09 0.09 
9 0.680814801294853 0.25295844385805777 0.09 0.09 
9 0.6692702420089809 0.3368489080020612 0.09 0.09 
9 0.5761441304362799 0.4145822738602662 0.09 0.09 
9 0.5899976015793262 0.48615854143267273 0.09 0.09 
9 0.47532164600633076 0.46922652114672714 0.09 0.09 
9 0.45915926300610993 0.5723579174338507 0.09 0.09 
9 0.4068239275768234 0.6477823714348812 0.09 0.09 
9 0.35448859214753686 0.5831328394339977 0.09 0.09 
9 0.5276569814356173 0.6562483815778539 0.09 0.09 
9 0.6169349065796944 0.6416252731490828 0.09 0.09 
9 0.6477203980086864 0.5662008191480522 0.09 0.09 
9 0.8031871297250964 0.5715882801481257 0.09 0.09 
9 0.7577785298673331 0.5077083854329671 0.09 0.09 
9 0.3414047582902152 0.34993274185938283 0.09 0.09 
9 0.32062455157564557 0.2991366810015459 0.09 0.09 
9 0.27521595171788227 0.37148258585967725 0.09 0.09 
9 0.06510497271501134 0.24295315914363533 0.09 0.09 
9 0.15438289785908835 0.2290996880005889 0.09 0.09 
9 0.5615210220075085 0.24295315914363533 0.09 0.09 
9 0.48532693072075317 0.2614244540010306 0.09 0.09 
9 0.2936872465752775 0.2775868370012514 0.09 0.09 
9 0.08126735571523216 0.6000648597199435 0.09 0.09 
9 0.08434590485813137 0.41150372471736696 0.09 0.09 
9 0.1705452808593092 0.6069915952914666 0.09 0.09 
9 0.5515157372930862 0.7786207100080975 0.09 0.09 
9 0.7608570790102323 0.6954998831498189 0.09 0.09 
9 0.1336026911445187 0.30991160300169307 0.09 0.09 
9 0.2059485960026501 0.36917367400250284 0.09 0.09 
9 0.15130434871618914 0.5053994735757928 0.09 0.09 
9 0.42452558514849387 0.37148258585967725 0.09 0.09 
9 0.4568503511489355 0.31068124028741795 0.09 0.09 
9 0.6985164588665232 0.5231011311474634 0.09 0.09 
