9 0.4292725257158729 0.36928955857311496 0.09 0.09 
9 0.4111933134141478 0.42425036397035915 0.09 0.09 
9 0.47917115166863405 0.4083406571448411 0.09 0.09 
9 0.3866055846838017 0.5558670295269177 0.09 0.09 
9 0.4936345215100142 0.7402749950045134 0.09 0.09 
9 0.6006634583362266 0.623844867781404 0.09 0.09 
9 0.5240075981769123 0.618782688336921 0.09 0.09 
9 0.4892955105576001 0.5605676247253661 0.09 0.09 
9 0.687443677384507 0.49367453920898346 0.09 0.09 
9 0.6831046664320929 0.4047248146844961 0.09 0.09 
9 0.7684385484962353 0.37507490650966696 0.09 0.09 
9 0.5536575063517414 0.388815107858978 0.09 0.09 
9 0.5543806748438103 0.4777648323834654 0.09 0.09 
9 0.44084322158897693 0.49150503373277643 0.09 0.09 
9 0.39239093262035374 0.6730203252420962 0.09 0.09 
9 0.41914816682690687 0.5999803075431268 0.09 0.09 
9 0.34104596968345446 0.45751611460553326 0.09 0.09 
9 0.5522111693676034 0.31939093262035373 0.09 0.09 
9 0.3461081491279375 0.3580804469460454 0.09 0.09 
9 0.462538276351047 0.6730203252420962 0.09 0.09 
