9 0.37812406387242165 0.4068189826563326 0.09 0.09 
9 0.49467938476851486 0.4309700851843519 0.09 0.09 
9 0.5744830279045786 0.3984185991683259 0.09 0.09 
9 0.6731875338886576 0.4120692223363368 0.09 0.09 
9 0.6889382529286703 0.5055234886404115 0.09 0.09 
9 0.5965340345605963 0.48662262579239646 0.09 0.09 
9 0.5240807269765384 0.5181240638724216 0.09 0.09 
9 0.4568776590724847 0.5727265565444654 0.09 0.09 
9 0.46422799462449055 0.6556803434885317 0.09 0.09 
9 0.3665735365764124 0.6210287616005039 0.09 0.09 
9 0.3665735365764124 0.5307246391044317 0.09 0.09 
9 0.4274763168644611 0.4719219546883847 0.09 0.09 
