9 0.15885235692570865 0.4136758098497926 0.09 0.09 
9 0.26993726475555174 0.4656613578489803 0.09 0.09 
9 0.2737677788186498 0.34636820559821285 0.09 0.09 
9 0.3717194955750139 0.3201018234512549 0.09 0.09 
9 0.30878962168126045 0.39725932100794387 0.09 0.09 
9 0.3624168185646329 0.5187413384376246 0.09 0.09 
9 0.26391788551354056 0.5548576138896917 0.09 0.09 
9 0.44559369536333315 0.7206641511923638 0.09 0.09 
9 0.486634917467955 0.6785284964982854 0.09 0.09 
9 0.5150901647938262 0.6205235692570866 0.09 0.09 
9 0.44121596500550686 0.5658019397842574 0.09 0.09 
9 0.41932731321637523 0.43009229869164134 0.09 0.09 
9 0.4439520464791483 0.3595013966716918 0.09 0.09 
9 0.5320538699304032 0.3797483995766386 0.09 0.09 
9 0.6196084770869297 0.365520775913703 0.09 0.09 
9 0.5720006594455683 0.4793417652171876 0.09 0.09 
9 0.6639329969599213 0.4410366245862071 0.09 0.09 
9 0.6584608340126384 0.49685268664849286 0.09 0.09 
9 0.6015503393608961 0.5357050435742015 0.09 0.09 
9 0.5588674683720894 0.5575936953633331 0.09 0.09 
9 0.6059280697187225 0.6571870610038821 0.09 0.09 
9 0.7093519494223695 0.6582814935933388 0.09 0.09 
9 0.7547709018848175 0.5537631813002352 0.09 0.09 
9 0.8226257224311257 0.4864555770486553 0.09 0.09 
9 0.6787078369175852 0.525307933974364 0.09 0.09 
9 0.47569059157338917 0.4853611444591987 0.09 0.09 
