9 0.11331466841625701 0.3527160106242805 0.09 0.09 
9 0.21621936614433934 0.37686711315229987 0.09 0.09 
9 0.25192099596836787 0.3002136138242385 0.09 0.09 
9 0.3065234886404115 0.21830987481617303 0.09 0.09 
9 0.1994185991683259 0.19520882022415456 0.09 0.09 
9 0.17211735283230406 0.28236279891222427 0.09 0.09 
9 0.25297104390436875 0.12485560851209827 0.09 0.09 
9 0.8420479360008398 0.5994772755844778 0.09 0.09 
9 0.8640989426568576 0.6887313501445493 0.09 0.09 
9 0.769594628416782 0.6855812063365467 0.09 0.09 
9 0.7863953953927955 0.7790354726406215 0.09 0.09 
9 0.808446402048813 0.8745898348166979 0.09 0.09 
9 0.7139420878087375 0.8472885884806761 0.09 0.09 
9 0.6960912728967231 0.7338834113925855 0.09 0.09 
