9 0.32217890540850647 0.34106538745626963 0.09 0.09 
9 0.4051326923525728 0.33161495603226204 0.09 0.09 
9 0.377831446016551 0.42926941408034014 0.09 0.09 
9 0.33057928889651317 0.5017227216643981 0.09 0.09 
9 0.3011779466884897 0.5846765086084644 0.09 0.09 
9 0.4051326923525728 0.6077775632004829 0.09 0.09 
9 0.5248381570566686 0.6770807269765383 0.09 0.09 
9 0.6193424712967441 0.6844310625285442 0.09 0.09 
9 0.685495491264797 0.6088276111364839 0.09 0.09 
9 0.5962414167047256 0.5815263648004619 0.09 0.09 
9 0.7012462103048097 0.5059229134084015 0.09 0.09 
9 0.76424908646486 0.4271693182083385 0.09 0.09 
9 0.8587534007049358 0.41351869504032757 0.09 0.09 
9 0.895505078464965 0.5174734407044107 0.09 0.09 
9 0.6518939573127702 0.40406826361632 0.09 0.09 
9 0.6151422795527408 0.4996226257923964 0.09 0.09 
9 0.5531894513286912 0.4250692223363368 0.09 0.09 
9 0.5689401703687039 0.36626653792028974 0.09 0.09 
9 0.5111875338886577 0.5101231051524049 0.09 0.09 
9 0.48913652723264 0.5846765086084644 0.09 0.09 
9 0.46288532883261907 0.42296912646433515 0.09 0.09 
9 0.4051326923525728 0.5269238721284182 0.09 0.09 
