9 0.47444367738450693 0.3655161146055333 0.09 0.09 
9 0.5633934019089943 0.36768562008174027 0.09 0.09 
9 0.4281608938920908 0.4450646487331236 0.09 0.09 
9 0.33053314746277535 0.47326821992381474 0.09 0.09 
9 0.2972673968276012 0.3864880008755344 0.09 0.09 
9 0.4607034760351959 0.5723423033372682 0.09 0.09 
9 0.6574053058779646 0.6034385484962352 0.09 0.09 
9 0.6979027414338288 0.518104666432093 0.09 0.09 
9 0.5988286580203754 0.536907047225887 0.09 0.09 
9 0.5821957827027884 0.45735851309829667 0.09 0.09 
9 0.5120484389720951 0.4465109857172616 0.09 0.09 
9 0.37247692000277755 0.5520935855593362 0.09 0.09 
9 0.5518227060358903 0.6403201415917544 0.09 0.09 
9 0.5106021019879571 0.507980307543127 0.09 0.09 
9 0.4628729815114029 0.6323652881789955 0.09 0.09 
