9 0.4017665172916139 0.3086661077175878 0.09 0.09 
9 0.48488734414989254 0.23632020285945643 0.09 0.09 
9 0.5834009167226671 0.459515015719649 0.09 0.09 
9 0.6442022622949265 0.5326305578635051 0.09 0.09 
9 0.6064900352944111 0.6088246491502606 0.09 0.09 
9 0.4456358425779276 0.6149817474360589 0.09 0.09 
9 0.3609757411481994 0.6365315914363534 0.09 0.09 
9 0.3578971920053002 0.7127256827231088 0.09 0.09 
9 0.37867739871986983 0.49107014443436586 0.09 0.09 
9 0.4564107645780748 0.5249341850062572 0.09 0.09 
9 0.5541546998651247 0.5341698324349547 0.09 0.09 
9 0.6726788418667442 0.48260413429139304 0.09 0.09 
9 0.5002800898643885 0.44335263271942815 0.09 0.09 
9 0.5533850625793999 0.4187242395762345 0.09 0.09 
