10 0.3903261730564586 0.29256490809626123 0.08 0.08 
10 0.465929624448519 0.33561687347229563 0.08 0.08 
10 0.544683219648582 0.37551869504032753 0.08 0.08 
10 0.3987265565444653 0.37551869504032753 0.08 0.08 
10 0.33152348864041153 0.418570660416362 0.08 0.08 
10 0.4575292409605123 0.4364214753283763 0.08 0.08 
10 0.5352327882245745 0.47947344070441067 0.08 0.08 
10 0.5688343221766015 0.5718776590724847 0.08 0.08 
10 0.45857928889651317 0.5088747829124343 0.08 0.08 
10 0.45647919302451145 0.5876283781124972 0.08 0.08 
10 0.48168034348853167 0.6600816856965551 0.08 0.08 
10 0.5131817815685569 0.7293848494726106 0.08 0.08 
10 0.37877564576044936 0.5991789054085065 0.08 0.08 
10 0.7284416084487291 0.5351259813124553 0.08 0.08 
10 0.7924945325447802 0.6054791930245115 0.08 0.08 
