0 0.3504301038085274 0.4400711397763704 0.08 0.08 
0 0.47958599993663076 0.3350663461762864 0.08 0.08 
0 0.5310383488006719 0.4211702769283553 0.08 0.08 
0 0.5992914646407266 0.37076797600031497 0.08 0.08 
0 0.6895955871367987 0.3613175445763074 0.08 0.08 
0 0.5667399786247005 0.5030740159364208 0.08 0.08 
0 0.47013556851262317 0.5377255978244485 0.08 0.08 
0 0.41448302790457864 0.6070287616005039 0.08 0.08 
0 0.41658312377658036 0.6952327882245745 0.08 0.08 
0 0.49113652723264 0.738284753600609 0.08 0.08 
