1 0.4880428064028939 0.4619636787149131 0.025 0.025 
1 0.4669176037429623 0.4886216725476838 0.025 0.025 
1 0.4729533759315142 0.5328840019303973 0.025 0.025 
1 0.44076259092590436 0.5374108310718111 0.025 0.025 
1 0.38593766021322506 0.608834135303008 0.025 0.025 
1 0.3054606976992004 0.5731224831874097 0.025 0.025 
1 0.3738661158361214 0.6701978192199518 0.025 0.025 
1 0.48251001523005466 0.6289533759315142 0.025 0.025 
1 0.5277783066441935 0.559541995763168 0.025 0.025 
1 0.5262693635970556 0.5288601538046961 0.025 0.025 
1 0.5484005282884122 0.5067289891133393 0.025 0.025 
1 0.6494997124466557 0.2647951205555527 0.025 0.025 
1 0.6268655667395864 0.2381371267227821 0.025 0.025 
1 0.710360415347887 0.4051268239393832 0.025 0.025 
