1 0.198155012817058 0.3863018932267039 0.025 0.025 
1 0.2132444432884376 0.3455604309539789 0.025 0.025 
1 0.28315880447249653 0.34857831704825487 0.025 0.025 
1 0.3279241148709227 0.344051487906841 0.025 0.025 
1 0.3601148998765326 0.32896205743546136 0.025 0.025 
1 0.39733549503926896 0.32393224727833486 0.025 0.025 
1 0.304284007132428 0.39585853252524433 0.025 0.025 
1 0.331947962996624 0.43006124159370485 0.025 0.025 
1 0.35156422260941744 0.45571327339505013 0.025 0.025 
1 0.36363576698652117 0.48136530519639553 0.025 0.025 
1 0.5220747869360072 0.32292628524690953 0.025 0.025 
1 0.5633192302244447 0.3390216777497145 0.025 0.025 
1 0.5386731604545248 0.3616558234567839 0.025 0.025 
1 0.5351522933445363 0.3938466084623938 0.025 0.025 
1 0.5331403692816855 0.4184926782323138 0.025 0.025 
1 0.555774514988755 0.42754633651514157 0.025 0.025 
1 0.674981015712654 0.4054151718237848 0.025 0.025 
1 0.701136028529712 0.43157018464084274 0.025 0.025 
1 0.7433864338495749 0.3495842790796802 0.025 0.025 
1 0.7116986298596777 0.32896205743546136 0.025 0.025 
1 0.7282970033781954 0.527136577626247 0.025 0.025 
1 0.7197463261110801 0.5633512107575582 0.025 0.025 
1 0.7106926678282524 0.597050938810306 0.025 0.025 
1 0.6523468700055846 0.6045956540459957 0.025 0.025 
1 0.6533528320370099 0.6569056796801117 0.025 0.025 
1 0.6196531039842621 0.6553967366329738 0.025 0.025 
1 0.6271978192199519 0.5065143559820282 0.025 0.025 
1 0.6146232938271355 0.44665961511222235 0.025 0.025 
1 0.5527566288944791 0.4708027038664298 0.025 0.025 
1 0.5452119136587892 0.49544877363634987 0.025 0.025 
1 0.5447089326430766 0.5618422677104202 0.025 0.025 
1 0.5447089326430766 0.5940330527160299 0.025 0.025 
1 0.5497387428002031 0.6287387428002031 0.025 0.025 
1 0.5255956540459957 0.6629414518686635 0.025 0.025 
1 0.4959197741189491 0.6745100152300547 0.025 0.025 
1 0.46423197012905193 0.6775279013243305 0.025 0.025 
1 0.4395859003591319 0.6569056796801117 0.025 0.025 
1 0.4013593431649702 0.6493609644444219 0.025 0.025 
1 0.3767132733950501 0.6750129962457673 0.025 0.025 
1 0.3641387480022338 0.7067008002356645 0.025 0.025 
1 0.38073712152075145 0.7333587940684352 0.025 0.025 
1 0.4395859003591319 0.5638541917732707 0.025 0.025 
1 0.35508508971940606 0.5935300717003175 0.025 0.025 
