2 0.0901546368223091 0.6247248924145015 0.15 0.15 
2 0.18907694519048848 0.5353757106625976 0.15 0.15 
2 0.19333166813105535 0.64865770895519 0.15 0.15 
2 0.3151231123047816 0.5779229400682662 0.15 0.15 
2 0.26832115995854616 0.4545359747918273 0.15 0.15 
2 0.2954450187046599 0.31306643701797937 0.15 0.15 
2 0.38851708302955984 0.392310651786037 0.15 0.15 
2 0.42574590875951984 0.24392718923376794 0.15 0.15 
2 0.46776129779761755 0.36571863340749416 0.15 0.15 
2 0.37628475457543015 0.4960195234623541 0.15 0.15 
2 0.5922119438091981 0.4210300316348633 0.15 0.15 
2 0.5714701694739347 0.563563250143853 0.15 0.15 
2 0.6645422337988346 0.6146199254306552 0.15 0.15 
2 0.6672014356366889 0.5013379271380627 0.15 0.15 
2 0.7283630779073375 0.38805592884547013 0.15 0.15 
2 0.82303066333495 0.351358943483081 0.15 0.15 
2 0.7565506173885929 0.4944240023596415 0.15 0.15 
2 0.8698326156811854 0.5624995694087112 0.15 0.15 
2 0.7480411715074591 0.6332343382956352 0.15 0.15 
2 0.6927297732800901 0.7177969567394015 0.15 0.15 
2 0.39277180597012673 0.6045149584468089 0.15 0.15 
