2 0.23908897334424484 0.7102299120645241 0.15 0.15 
2 0.19971217574421332 0.4834195578883427 0.15 0.15 
2 0.29211639411228724 0.24925886816015538 0.15 0.15 
2 0.8055898348166979 0.3217121757442133 0.15 0.15 
2 0.6921846577286073 0.33956299065622764 0.15 0.15 
2 0.5735292409605123 0.3553137096962402 0.15 0.15 
2 0.5063261730564587 0.4435177363203108 0.15 0.15 
2 0.41392195468838466 0.4666187909123293 0.15 0.15 
2 0.27426557920027295 0.38051486016026037 0.15 0.15 
2 0.3215177363203107 0.5359219546883847 0.15 0.15 
2 0.37402013312035276 0.6167756457604494 0.15 0.15 
2 0.39712118771237126 0.731230870784541 0.15 0.15 
2 0.4622241597444233 0.683978713664503 0.15 0.15 
2 0.5903300079365258 0.796333842816593 0.15 0.15 
2 0.5693290492165091 0.6566774673284813 0.15 0.15 
2 0.6638333634565846 0.5495725778563956 0.15 0.15 
2 0.8517919440007349 0.4834195578883427 0.15 0.15 
2 0.35721936614433936 0.34901342208023517 0.15 0.15 
