2 0.38182473497643343 0.7520883967366727 0.15 0.15 
2 0.2243175445763074 0.6313328840965762 0.15 0.15 
2 0.1424138055682419 0.5819806311045367 0.15 0.15 
2 0.21486711315229984 0.47802588544045355 0.15 0.15 
2 0.5477323088645661 0.26486615443228306 0.15 0.15 
2 0.5981346097926064 0.1903127509762234 0.15 0.15 
2 0.6327861916806341 0.3131683594883217 0.15 0.15 
2 0.6611374859526568 0.4139729613444023 0.15 0.15 
2 0.6758381570566686 0.5168776590724847 0.15 0.15 
2 0.6485369107206467 0.6365831237765803 0.15 0.15 
2 0.6222857123206258 0.7363376776966601 0.15 0.15 
2 0.5907842742406005 0.559929624448519 0.15 0.15 
2 0.5655831237765804 0.43707401593642076 0.15 0.15 
