6 0.32446883010661254 0.46138319129067146 0.03 0.03 
6 0.3365403744837162 0.6791739710942506 0.03 0.03 
6 0.3868384760549816 0.5182200460662013 0.03 0.03 
6 0.42305310918629274 0.5096693687990862 0.03 0.03 
6 0.4079636787149131 0.4654070394163726 0.03 0.03 
6 0.38532953300784367 0.44025798863074 0.03 0.03 
6 0.42104118512344213 0.42768346323792367 0.03 0.03 
6 0.45876476130189114 0.4151089378451073 0.03 0.03 
6 0.49799728052747816 0.42365961511222233 0.03 0.03 
6 0.5286791224859501 0.4030373934680036 0.03 0.03 
6 0.4401544637205229 0.45082058996070573 0.03 0.03 
6 0.5412536478787664 0.43824606456788934 0.03 0.03 
6 0.5679116417115371 0.4166178808922452 0.03 0.03 
6 0.5885338633557559 0.4478027038664298 0.03 0.03 
6 0.6026173317957102 0.47898752684061435 0.03 0.03 
6 0.6026173317957102 0.5121842738776495 0.03 0.03 
6 0.6036232938271355 0.5398482297418454 0.03 0.03 
6 0.6207246483613658 0.5720390147474553 0.03 0.03 
6 0.5699235657743877 0.5760628628731566 0.03 0.03 
6 0.5407506668630537 0.6007089326430767 0.03 0.03 
6 0.5090628628731565 0.6142894200673182 0.03 0.03 
6 0.5115777679517198 0.5785777679517198 0.03 0.03 
6 0.4919615083389263 0.5483989070089605 0.03 0.03 
6 0.5472894200673183 0.5428661158361213 0.03 0.03 
6 0.5211344072502602 0.54638698294611 0.03 0.03 
6 0.5161045970931336 0.5162081220033506 0.03 0.03 
6 0.5467864390516056 0.5121842738776495 0.03 0.03 
6 0.5714325088215256 0.5031306155948218 0.03 0.03 
6 0.5744503949158015 0.5328064955218683 0.03 0.03 
6 0.5321999895959386 0.47999348887203963 0.03 0.03 
6 0.5186195021716969 0.4553474191021196 0.03 0.03 
6 0.47888400193039726 0.45082058996070573 0.03 0.03 
6 0.4703333246632822 0.46892790652636124 0.03 0.03 
6 0.49598535646462755 0.49860378645340786 0.03 0.03 
6 0.43462167254768375 0.4835143559820282 0.03 0.03 
6 0.4617826473961671 0.5051425396576723 0.03 0.03 
