6 0.04917032857242055 0.39896840357415647 0.03 0.03 
6 0.0903909326203537 0.3794428542882934 0.03 0.03 
6 0.09183726960449172 0.41921712135208855 0.03 0.03 
6 0.6602477043707281 0.539263091035543 0.03 0.03 
6 0.6797732536565911 0.5746983471469242 0.03 0.03 
6 0.6414453235769341 0.5718056731786483 0.03 0.03 
6 0.619750268814864 0.6014555813534773 0.03 0.03 
6 0.6595245358786591 0.6057945923058914 0.03 0.03 
6 0.6703720632596942 0.6528005442903766 0.03 0.03 
6 0.7007451399265923 0.6716029250841706 0.03 0.03 
6 0.6421684920690031 0.08511327801620919 0.03 0.03 
