6 0.4710509388103059 0.4207013493321996 0.03 0.03 
6 0.4846314262345476 0.4528921343378094 0.03 0.03 
6 0.5133013441301689 0.47049646988775223 0.03 0.03 
6 0.5369414518686635 0.4971544637205229 0.03 0.03 
6 0.556557711481457 0.5373929449775353 0.03 0.03 
6 0.5253728885072726 0.5590211286531794 0.03 0.03 
6 0.49368508451737536 0.562541995763168 0.03 0.03 
6 0.4755777679517198 0.5288422677104202 0.03 0.03 
6 0.507265571941617 0.5147587992704659 0.03 0.03 
6 0.48060757810884636 0.494136577626247 0.03 0.03 
6 0.4559615083389263 0.46647262176205107 0.03 0.03 
