8 0.2257469764300098 0.6476923951624389 0.055 0.055 
8 0.2300859873824238 0.5963474322255398 0.055 0.055 
8 0.277091939366909 0.5703133665110557 0.055 0.055 
8 0.275645602382771 0.623104666432093 0.055 0.055 
8 0.26624441198587395 0.6831276512738202 0.055 0.055 
8 0.3161430379386352 0.66143259651175 0.055 0.055 
8 0.33277591325622224 0.6050254541303679 0.055 0.055 
8 0.3537477995262233 0.7858175771476187 0.055 0.055 
8 0.38050503373277644 0.7380884566710644 0.055 0.055 
8 0.40147692000277757 0.6809581457976132 0.055 0.055 
8 0.43257316516174465 0.6267205088924379 0.055 0.055 
8 0.4701779267493328 0.5970706007176089 0.055 0.055 
8 0.5244155636545081 0.5797145569079528 0.055 0.055 
8 0.5887775594486493 0.5529573227013995 0.055 0.055 
8 0.6437383648458935 0.5399402898441577 0.055 0.055 
8 0.6791736209572747 0.5016123597645004 0.055 0.055 
8 0.6950833277827927 0.5536804911934687 0.055 0.055 
8 0.7124393715924489 0.6050254541303679 0.055 0.055 
8 0.6589249031793426 0.5862230733365739 0.055 0.055 
8 0.5699751786548553 0.6057486226224369 0.055 0.055 
8 0.5215228896862321 0.6476923951624389 0.055 0.055 
8 0.45716089389209075 0.6672179444483021 0.055 0.055 
8 0.44269752405071067 0.7366421196869264 0.055 0.055 
8 0.40798543643139856 0.7814785661952046 0.055 0.055 
8 0.49765832944795496 0.7561676689727894 0.055 0.055 
8 0.5027205088924379 0.8161906538145167 0.055 0.055 
8 0.5381557650038191 0.7807553977031356 0.055 0.055 
8 0.5923934019089943 0.7771395552427907 0.055 0.055 
8 0.5757605265914073 0.8234223387352068 0.055 0.055 
8 0.6083031087345124 0.6672179444483021 0.055 0.055 
8 0.6516932182586526 0.6997605265914073 0.055 0.055 
8 0.7970500851645222 0.48570265293898235 0.055 0.055 
8 0.3139735324624282 0.21740714238138226 0.055 0.055 
8 0.38122820222484544 0.25862774642931535 0.055 0.055 
8 0.3219283858751872 0.29984835047724856 0.055 0.055 
8 0.37471968579622444 0.3150348888106977 0.055 0.055 
8 0.39135256111381145 0.3692725257158729 0.055 0.055 
8 0.42751098571726165 0.3012946874613866 0.055 0.055 
8 0.45282188293967673 0.3613176723031138 0.055 0.055 
8 0.4831949596065749 0.3099727093662146 0.055 0.055 
8 0.5019973404003689 0.3634871777793209 0.055 0.055 
8 0.5518959663531301 0.3280519216679397 0.055 0.055 
8 0.5721446841310622 0.2853849806358685 0.055 0.055 
8 0.517907047225887 0.23693269166724532 0.055 0.055 
8 0.5540654718293372 0.20149743555586416 0.055 0.055 
8 0.6025177607979604 0.17763287531758706 0.055 0.055 
8 0.6589249031793426 0.19571208761931214 0.055 0.055 
8 0.5952860758772703 0.2297010067465553 0.055 0.055 
8 0.6422920278617555 0.24850338754034937 0.055 0.055 
8 0.7015918442114137 0.27670695873104045 0.055 0.055 
8 0.6589249031793426 0.30924954087414563 0.055 0.055 
8 0.6075799402424434 0.3396226175410437 0.055 0.055 
8 0.6321676689727894 0.3887980750017359 0.055 0.055 
8 0.6842358004017577 0.36710302023966584 0.055 0.055 
8 0.6784504524652056 0.44158937492277317 0.055 0.055 
8 0.6278286580203755 0.46183809270070525 0.055 0.055 
8 0.5815458745279594 0.5073977077010524 0.055 0.055 
8 0.5670825046865793 0.4480978913513942 0.055 0.055 
8 0.4860876335748509 0.40832362428759905 0.055 0.055 
8 0.4195561323045026 0.41049312976380603 0.055 0.055 
8 0.3718270118279484 0.41844798317656506 0.055 0.055 
8 0.3486856200817403 0.4878721584151893 0.055 0.055 
8 0.37255018032001735 0.5421097953203646 0.055 0.055 
8 0.40726226793932957 0.5073977077010524 0.055 0.055 
8 0.4513755459555387 0.4589454187324292 0.055 0.055 
8 0.516460710241749 0.4741319570658783 0.055 0.055 
8 0.4665620842889878 0.5298159309551915 0.055 0.055 
8 0.43184999666967566 0.5659743555586417 0.055 0.055 
8 0.5453874499245092 0.5204147405582945 0.055 0.055 
