8 0.6614537638668915 0.0460211388576897 0.055 0.055 
8 0.6822339705814611 0.10220466071560023 0.055 0.055 
8 0.6183540758663025 0.09527792514407703 0.055 0.055 
8 0.17504299928881656 0.3623420632905833 0.055 0.055 
8 0.24123180586114956 0.3723473480050057 0.055 0.055 
8 0.2789440328616648 0.3400225820045641 0.055 0.055 
8 0.30203315143340886 0.39235791743385057 0.055 0.055 
8 0.25662455157564557 0.4316094190058155 0.055 0.055 
8 0.20198030428918462 0.4431539782916875 0.055 0.055 
8 0.1434878705740997 0.476248381577854 0.055 0.055 
8 0.12732548757387885 0.5308926288643149 0.055 0.055 
8 0.09730963343061157 0.5932332490080239 0.055 0.055 
8 0.10962383000220842 0.6548042318660081 0.055 0.055 
8 0.1411789587169253 0.6948253707236977 0.055 0.055 
8 0.16118952814577014 0.6340240251514384 0.055 0.055 
8 0.21275522628933186 0.6217098285798416 0.055 0.055 
8 0.2643209244328936 0.6247883777227408 0.055 0.055 
8 0.28433149386173845 0.5686048558648302 0.055 0.055 
8 0.3028027887191337 0.5193480695784428 0.055 0.055 
8 0.25662455157564557 0.4870233035780012 0.055 0.055 
8 0.19659284328911103 0.49933750014959805 0.055 0.055 
8 0.17042517557446776 0.5709137677220046 0.055 0.055 
8 0.30819024971920733 0.46393418500625716 0.055 0.055 
8 0.22737833471810312 0.5524424728646093 0.055 0.055 
8 0.36899159529146663 0.4870233035780012 0.055 0.055 
8 0.3589863105770443 0.5478246491502606 0.055 0.055 
8 0.33589719200530016 0.5963117981509231 0.055 0.055 
8 0.41747874429212917 0.5293533542928653 0.055 0.055 
8 0.41440019514923 0.5886154252936752 0.055 0.055 
8 0.3966985375775595 0.6371025742943376 0.055 0.055 
8 0.45673024586409405 0.6332543878657136 0.055 0.055 
8 0.4836675508644621 0.5555210220075085 0.055 0.055 
8 0.4613480695784428 0.476248381577854 0.055 0.055 
8 0.4282536662922764 0.4115988495769706 0.055 0.055 
8 0.46442661872134217 0.3654206124334825 0.055 0.055 
8 0.42132693072075317 0.3230905617186184 0.055 0.055 
8 0.4005467240061835 0.27306413814650626 0.055 0.055 
8 0.45442133400691964 0.2792212364323047 0.055 0.055 
8 0.5244583270078766 0.31462455157564556 0.055 0.055 
8 0.5490867201510703 0.3654206124334825 0.055 0.055 
8 0.5059870321504814 0.42006485971994345 0.055 0.055 
8 0.6129666148662288 0.3577242395762345 0.055 0.055 
8 0.6745375977242131 0.3577242395762345 0.055 0.055 
8 0.6468306554381201 0.41005957500552104 0.055 0.055 
8 0.6352860961522481 0.46701273414915634 0.055 0.055 
8 0.6445217435809458 0.5262748051499662 0.055 0.055 
8 0.5760240251514385 0.476248381577854 0.055 0.055 
8 0.5814114861515121 0.4293005071486411 0.055 0.055 
8 0.5583223675797679 0.5639870321504814 0.055 0.055 
8 0.5183012287220783 0.6201705540083919 0.055 0.055 
8 0.5698669268656399 0.6340240251514384 0.055 0.055 
8 0.60834879115188 0.5901546998651247 0.055 0.055 
8 0.670689411295589 0.5955421608651983 0.055 0.055 
8 0.6999356281531315 0.5509031982931598 0.055 0.055 
8 0.7145587365819027 0.464703822291982 0.055 0.055 
8 0.7653547974397397 0.46393418500625716 0.055 0.055 
8 0.7515013262966933 0.5208873441498926 0.055 0.055 
8 0.7822868177256853 0.5570602965789582 0.055 0.055 
8 0.8115330345832278 0.48933221543517563 0.055 0.055 
8 0.8523238107266422 0.44007542914878833 0.055 0.055 
8 0.88080039029846 0.49625895100669887 0.055 0.055 
8 0.903889508870204 0.5493639237217102 0.055 0.055 
8 0.9477588341565177 0.5016464120067724 0.055 0.055 
8 0.8438578005836694 0.5509031982931598 0.055 0.055 
8 0.8638683700125144 0.6016992591509966 0.055 0.055 
8 0.7999884752973557 0.6047778082938958 0.055 0.055 
8 0.7507316890109684 0.5932332490080239 0.055 0.055 
8 0.7022445400103059 0.6486471335802095 0.055 0.055 
8 0.6876214315815347 0.6994431944380466 0.055 0.055 
8 0.6237415368663761 0.6655791538661553 0.055 0.055 
8 0.6622234011526162 0.7425428824386355 0.055 0.055 
8 0.5752543878657136 0.7510088925816083 0.055 0.055 
8 0.740726404296546 0.6932860961522481 0.055 0.055 
8 0.7946010142972821 0.732537597724213 0.055 0.055 
8 0.7907528278686581 0.6632702420089809 0.055 0.055 
