8 0.23478693457586644 0.2900271451455493 0.055 0.055 
8 0.3656252731490828 0.3900799922897735 0.055 0.055 
8 0.3417665172916139 0.4424153277190601 0.055 0.055 
8 0.4194998831498189 0.42933149386173847 0.055 0.055 
8 0.47260485586483025 0.4131691108615176 0.055 0.055 
8 0.5557256827231087 0.4301011311474633 0.055 0.055 
8 0.601903919866597 0.4578080734335561 0.055 0.055 
8 0.5349454760085393 0.481666829291025 0.055 0.055 
8 0.48030122872207826 0.4616562598621802 0.055 0.055 
8 0.5149349065796943 0.5386199884346604 0.055 0.055 
8 0.578814801294853 0.5501645477205324 0.055 0.055 
8 0.5949771842950737 0.6248193644358381 0.055 0.055 
8 0.6303804994384147 0.6694583270078767 0.055 0.055 
8 0.6465428824386354 0.7287203980086864 0.055 0.055 
8 0.5349454760085393 0.6001909712926444 0.055 0.055 
