8 0.36722195800574187 0.42225822943326163 0.055 0.055 
8 0.42186620529220276 0.4299546022905097 0.055 0.055 
8 0.46727480514996617 0.38531563971847116 0.055 0.055 
8 0.5365421608651983 0.3645354330039015 0.055 0.055 
8 0.5480867201510703 0.4284153277190601 0.055 0.055 
8 0.4919031982931598 0.4276456904333353 0.055 0.055 
8 0.43725895100669887 0.49691304614856746 0.055 0.055 
8 0.3856932528631371 0.4769024767197226 0.055 0.055 
8 0.3579863105770443 0.5461698324349548 0.055 0.055 
8 0.40878237143488116 0.5361645477205323 0.055 0.055 
8 0.45188205943547005 0.5654107645780748 0.055 0.055 
8 0.46727480514996617 0.6400655812933806 0.055 0.055 
8 0.5065263067219311 0.5423216460063307 0.055 0.055 
8 0.5350028862937487 0.6062015407214894 0.055 0.055 
8 0.5173012287220783 0.49306485971994346 0.055 0.055 
8 0.5550134557225935 0.5515572934350285 0.055 0.055 
8 0.5942649572945585 0.509996880005889 0.055 0.055 
8 0.5958042318660081 0.45073480900507934 0.055 0.055 
8 0.646600292723845 0.48844703600559464 0.055 0.055 
8 0.6304379097236241 0.5454001951492301 0.055 0.055 
8 0.5981131437231825 0.5954266187213422 0.055 0.055 
