8 0.2801822325413909 0.3734198694465662 0.055 0.055 
8 0.3271881845258761 0.41247096801829236 0.055 0.055 
8 0.3083858037320821 0.46092325698691555 0.055 0.055 
8 0.2801822325413909 0.5137145569079528 0.055 0.055 
8 0.2664420311920799 0.600494775956233 0.055 0.055 
8 0.31923333111311714 0.6330373580993383 0.055 0.055 
8 0.3763636419865683 0.599048438972095 0.055 0.055 
8 0.42047692000277753 0.573014373257611 0.055 0.055 
8 0.4638670295269177 0.5383022856382988 0.055 0.055 
8 0.47326821992381474 0.5947094280196811 0.055 0.055 
8 0.4139684035741565 0.6359300320676142 0.055 0.055 
8 0.4616975240507107 0.6626872662741674 0.055 0.055 
8 0.45880485008243466 0.7205407456396876 0.055 0.055 
8 0.4139684035741565 0.7451284743700337 0.055 0.055 
8 0.3452673968276012 0.7082468812745145 0.055 0.055 
8 0.36479294611346424 0.6597945923058913 0.055 0.055 
8 0.3611771036531193 0.49201950214588264 0.055 0.055 
8 0.3799794844469134 0.4450135501613975 0.055 0.055 
8 0.38287215841518935 0.38932957627208425 0.055 0.055 
8 0.3315271954782901 0.3611260050813931 0.055 0.055 
8 0.42987811039967455 0.3734198694465662 0.055 0.055 
8 0.44868049119346864 0.3177358955572529 0.055 0.055 
8 0.49207060071760883 0.350278477700358 0.055 0.055 
8 0.5101498130193339 0.3987307666689813 0.055 0.055 
8 0.5586021019879571 0.4088551255579473 0.055 0.055 
8 0.52750585682899 0.4515220665900185 0.055 0.055 
8 0.46531336651105576 0.42476483238346535 0.055 0.055 
8 0.4833925788127808 0.4768329638124336 0.055 0.055 
8 0.42481593095519155 0.4768329638124336 0.055 0.055 
8 0.5166583294479549 0.5383022856382988 0.055 0.055 
8 0.518827834924162 0.6192971567500272 0.055 0.055 
8 0.5680032923848541 0.5983252704800262 0.055 0.055 
8 0.6352579621472715 0.6070032923848542 0.055 0.055 
8 0.6916651045286536 0.6388227060358903 0.055 0.055 
8 0.7205918442114138 0.5954325965117501 0.055 0.055 
8 0.6620151963538246 0.558551003416231 0.055 0.055 
8 0.6974504524652057 0.5137145569079528 0.055 0.055 
8 0.7372247195290008 0.4500757296058805 0.055 0.055 
8 0.6837102511158946 0.4515220665900185 0.055 0.055 
8 0.6287494457186503 0.4464598871455355 0.055 0.055 
8 0.5817434937341652 0.45296840357415646 0.055 0.055 
8 0.5665569554007162 0.5072060404793317 0.055 0.055 
8 0.6077775594486493 0.561443677384507 0.055 0.055 
8 0.6164555813534773 0.5043133665110557 0.055 0.055 
8 0.6612920278617556 0.4045161146055333 0.055 0.055 
8 0.6113934019089943 0.39511492420863625 0.055 0.055 
8 0.5694496293689922 0.36257234206553113 0.055 0.055 
8 0.7205918442114138 0.37558937492277317 0.055 0.055 
8 0.7234845181796897 0.31990540103345994 0.055 0.055 
8 0.515935160955886 0.31195054762070096 0.055 0.055 
