9 0.4159748787844359 0.1166611690881957 0.09 0.09 
9 0.44852636480046193 0.2017150519042637 0.09 0.09 
9 0.41072463910443174 0.2741683594883217 0.09 0.09 
9 0.34352157120037796 0.33087094803236705 0.09 0.09 
9 0.45797679622446946 0.35292195468838466 0.09 0.09 
9 0.6133838907525938 0.4211750705284393 0.09 0.09 
9 0.6889873421446542 0.4841779466884897 0.09 0.09 
9 0.5892327882245745 0.5167294327045158 0.09 0.09 
9 0.664836239616635 0.5629315418885527 0.09 0.09 
9 0.7404396910086954 0.5713319253765594 0.09 0.09 
9 0.6963376776966602 0.6689863834246375 0.09 0.09 
9 0.6018333634565846 0.7162385405446753 0.09 0.09 
9 0.5965831237765804 0.6185840824965971 0.09 0.09 
9 0.6217842742406006 0.3214205166083595 0.09 0.09 
9 0.5629815898245535 0.2521173528323041 0.09 0.09 
9 0.2994195578883427 0.7834416084487291 0.09 0.09 
9 0.4201750705284393 0.8002423754247425 0.09 0.09 
9 0.3928738241924174 0.5041288574725056 0.09 0.09 
9 0.45692674828846863 0.4537265565444653 0.09 0.09 
9 0.4369758375044527 0.6385349932806131 0.09 0.09 
9 0.3844734407044107 0.5881326923525728 0.09 0.09 
9 0.3729229134084015 0.704688013248666 0.09 0.09 
9 0.3781731530884057 0.42747535814444426 0.09 0.09 
9 0.32672080422436456 0.5020287616005039 0.09 0.09 
9 0.5083790971525098 0.28886903059233343 0.09 0.09 
9 0.5577313501445493 0.3455716191363788 0.09 0.09 
9 0.47162741939248043 0.5440306790405375 0.09 0.09 
9 0.5167794806405166 0.6038834113925855 0.09 0.09 
9 0.5314801517445282 0.6605859999366307 0.09 0.09 
9 0.5115292409605123 0.7645407456007138 0.09 0.09 
