9 0.635925606098123 0.3083682055982129 0.09 0.09 
9 0.7508410279910641 0.29249893305109237 0.09 0.09 
9 0.8487927447474282 0.2651381183146779 0.09 0.09 
9 0.8323762559055795 0.39318673128109793 0.09 0.09 
9 0.7606909212961733 0.4687025799536021 0.09 0.09 
9 0.7760129775485655 0.5650126478257813 0.09 0.09 
9 0.8400372840317756 0.6438117942666551 0.09 0.09 
9 0.5790151114463807 0.7040055866867672 0.09 0.09 
9 0.4837994761636581 0.6470950920350249 0.09 0.09 
9 0.4241529000382744 0.7532550532123135 0.09 0.09 
9 0.3349566439975629 0.7116666148129633 0.09 0.09 
9 0.24740203684103637 0.5628237826468682 0.09 0.09 
9 0.2736684189879944 0.49113844803746204 0.09 0.09 
9 0.19432205625239216 0.38005354020761895 0.09 0.09 
9 0.1855665955367395 0.2897628515774509 0.09 0.09 
9 0.4411166051748514 0.4260197089647954 0.09 0.09 
9 0.5357850241628457 0.41343373418604473 0.09 0.09 
9 0.3798283801652828 0.487307933974364 0.09 0.09 
9 0.34042880694484584 0.5786930551939886 0.09 0.09 
9 0.4493248495957758 0.513574316121322 0.09 0.09 
9 0.18283051406309803 0.6066010862251314 0.09 0.09 
9 0.5111602909000726 0.5168576138896918 0.09 0.09 
