9 0.8218939573127703 0.08945714246412516 0.09 0.09 
9 0.9195484153608484 0.06005580025610163 0.09 0.09 
9 0.9184983674248474 0.1619104500481831 0.09 0.09 
9 0.8187438135047677 0.17976126496019737 0.09 0.09 
9 0.8712462103048096 0.2595649080962612 0.09 0.09 
9 0.4197255978244485 0.5504281863684938 0.09 0.09 
9 0.34517219436838886 0.5808795765125183 0.09 0.09 
9 0.232817065216299 0.6312818774405585 0.09 0.09 
9 0.31997104390436876 0.6995349932806131 0.09 0.09 
9 0.41657545401644597 0.6638333634565846 0.09 0.09 
9 0.29161974963234605 0.7866889719686828 0.09 0.09 
9 0.17611447667225366 0.8549420878087375 0.09 0.09 
9 0.24226749664030656 0.7058352808966182 0.09 0.09 
9 0.21286615443228304 0.7772385405446753 0.09 0.09 
