9 0.4188276111364838 0.3609729613444023 0.09 0.09 
9 0.4944310625285442 0.29061974963234605 0.09 0.09 
9 0.5248824526725686 0.3966745911684309 0.09 0.09 
9 0.5815850412166139 0.3231712356483721 0.09 0.09 
9 0.6183367189766434 0.41662550195244685 0.09 0.09 
9 0.6592885884806762 0.3294715232643771 0.09 0.09 
9 0.7516928068487501 0.35677276960039894 0.09 0.09 
9 0.547983507264587 0.49747919302451143 0.09 0.09 
9 0.27812118771237127 0.789392519232745 0.09 0.09 
9 0.2739209959683679 0.8838968334728207 0.09 0.09 
9 0.35162454323243003 0.8597457309448012 0.09 0.09 
