9 0.19605356871766141 0.4435203004340714 0.09 0.09 
9 0.2945671412904361 0.5420338730068461 0.09 0.09 
9 0.33458828014812575 0.29267139243201024 0.09 0.09 
9 0.2768654837187656 0.4058080734335561 0.09 0.09 
9 0.3499810258626218 0.44967739871986984 0.09 0.09 
9 0.42694475443510205 0.35193346343281995 0.09 0.09 
9 0.4769711780072141 0.41735263271942813 0.09 0.09 
9 0.5885685844373104 0.37502258200456406 0.09 0.09 
9 0.6278200860092753 0.2865142941462118 0.09 0.09 
9 0.7809779058685109 0.3273050702896263 0.09 0.09 
9 0.7609673364396661 0.433515015719649 0.09 0.09 
9 0.6978570790102323 0.5066305578635052 0.09 0.09 
9 0.6624537638668915 0.42197045643377695 0.09 0.09 
9 0.5339243371508495 0.48738962572038513 0.09 0.09 
9 0.4246358425779276 0.5558873441498926 0.09 0.09 
9 0.4177091070064044 0.6890345945802833 0.09 0.09 
9 0.36460413429139304 0.6305421608651983 0.09 0.09 
9 0.7140194620104532 0.6166886897221519 0.09 0.09 
9 0.7009356281531315 0.7144326250092017 0.09 0.09 
9 0.5801025742943376 0.7128933504377521 0.09 0.09 
9 0.4985210220075086 0.6036048558648303 0.09 0.09 
9 0.5077566694362062 0.6851864081516592 0.09 0.09 
9 0.6108880657233297 0.5859031982931598 0.09 0.09 
9 0.23915325671825036 0.49585563586335796 0.09 0.09 
9 0.4392589510066989 0.4812325274345867 0.09 0.09 
