9 0.3777192354264755 0.387361513540957 0.09 0.09 
9 0.47831543856900627 0.3717691020538647 0.09 0.09 
9 0.5477268187373524 0.30034579782266785 0.09 0.09 
9 0.5839414518686635 0.38132574135240516 0.09 0.09 
9 0.6422872496913314 0.4567728937093033 0.09 0.09 
9 0.4506514827048103 0.44118048222221096 0.09 0.09 
9 0.43707099528056864 0.522663406767661 0.09 0.09 
9 0.37118048222221095 0.5810092045903288 0.09 0.09 
9 0.43204118512344214 0.6504205847586749 0.09 0.09 
9 0.5200628628731565 0.5920747869360071 0.09 0.09 
9 0.6236769521099633 0.6313073061615941 0.09 0.09 
9 0.4868661158361214 0.728885623209849 0.09 0.09 
9 0.5240867109988578 0.5105918623905572 0.09 0.09 
9 0.5266016160774211 0.452749045583602 0.09 0.09 
