9 0.45111492420863625 0.334877287303461 0.09 0.09 
9 0.37228955857311496 0.3681430379386352 0.09 0.09 
9 0.35637985174759684 0.43829038166932843 0.09 0.09 
9 0.3708432215889769 0.557613182860714 0.09 0.09 
9 0.4388210598434632 0.5004828719872627 0.09 0.09 
9 0.4865501803200174 0.565568036273473 0.09 0.09 
9 0.5190927624631225 0.4809573227013996 0.09 0.09 
9 0.6051498130193339 0.48240365968553767 0.09 0.09 
9 0.6810825046865793 0.49831336651105573 0.09 0.09 
9 0.636246058178301 0.58220091159106 0.09 0.09 
9 0.5292171213520885 0.6335458745279593 0.09 0.09 
9 0.5574206925427798 0.557613182860714 0.09 0.09 
