9 0.4416886897221518 0.4349598870049321 0.09 0.09 
9 0.5463593605807249 0.3441426872894055 0.09 0.09 
9 0.6441032958677748 0.36492289400397515 0.09 0.09 
9 0.5979250587242866 0.4518919072908778 0.09 0.09 
9 0.5078774962944848 0.52115926300611 0.09 0.09 
9 0.4439976015793262 0.586578432292718 0.09 0.09 
9 0.3070021647203115 0.318744656860487 0.09 0.09 
9 0.3270127341491564 0.5142325274345867 0.20924621685754244 0.34778092828800683 
9 0.5825323130097907 0.5550233035780012 0.09 0.09 
9 0.6895118957255382 0.4749810258626218 0.09 0.09 
9 0.677967336439666 0.6273692084361325 0.09 0.09 
9 0.5802234011526163 0.8166999807244338 0.09 0.09 
