9 0.12010040957402608 0.3231321178605606 0.09 0.09 
9 0.34791304614856744 0.30543046028889015 0.09 0.09 
9 0.42256786286387327 0.36700144314687433 0.09 0.09 
9 0.38485563586335797 0.45935791743385057 0.09 0.09 
9 0.38870382229198197 0.5478662052922028 0.09 0.09 
9 0.27248859214753685 0.5617196764352493 0.09 0.09 
9 0.2324674532898472 0.6810134557225935 0.09 0.09 
9 0.3594576054344395 0.6433012287220783 0.09 0.09 
9 0.46643718815018703 0.6833223675797679 0.09 0.09 
9 0.5149243371508495 0.6179031982931598 0.09 0.09 
9 0.5180028862937487 0.5309341850062572 0.09 0.09 
9 0.598814801294853 0.45858828014812575 0.09 0.09 
9 0.637296665581093 0.35776579571817674 0.09 0.09 
9 0.7496637092969141 0.2831109790028709 0.09 0.09 
9 0.7858366617259798 0.4070225820045641 0.09 0.09 
9 0.6873230891532052 0.46089719200530016 0.09 0.09 
9 0.6249824690094962 0.566337500149598 0.09 0.09 
9 0.7304227771537941 0.4963005071486411 0.09 0.09 
9 0.5726471335802096 0.6771652692939696 0.09 0.09 
9 0.6326788418667442 0.6325263067219311 0.09 0.09 
9 0.4602800898643885 0.4493526327194281 0.09 0.09 
