9 0.4842325274345867 0.27639875200235564 0.09 0.09 
9 0.502703822291982 0.32565553828874294 0.09 0.09 
9 0.5073216460063308 0.36644631443215747 0.09 0.09 
9 0.5819764627216366 0.3325822738602662 0.09 0.09 
9 0.42727936829095137 0.4241691108615176 0.09 0.09 
9 0.47884506643451313 0.585792940863726 0.09 0.09 
9 0.6235368761507758 0.5526985375775596 0.09 0.09 
9 0.7089666148662288 0.4880490055766762 0.09 0.09 
9 0.40495988700493213 0.6866154252936751 0.09 0.09 
9 0.3202997855752039 0.7712755267234033 0.09 0.09 
9 0.31106413814650624 0.6565995711504078 0.09 0.09 
9 0.6712543878657137 0.41185491428992077 0.09 0.09 
9 0.4819236155774123 0.5049810258626218 0.09 0.09 
9 0.5673533542928654 0.4580331514334089 0.09 0.09 
9 0.5596569814356174 0.6065731475782957 0.09 0.09 
9 0.38110113114746325 0.5673216460063307 0.09 0.09 
