9 0.3529397283761512 0.3622036469025097 0.09 0.09 
9 0.5083491560789858 0.3868283801652828 0.09 0.09 
9 0.5521264596572492 0.28504614934582073 0.09 0.09 
9 0.6566447719503526 0.4234918719120783 0.09 0.09 
9 0.4448720658905041 0.5307462656788234 0.09 0.09 
9 0.4191529000382744 0.4508526866484929 0.09 0.09 
9 0.47551617839528837 0.6144703587722519 0.09 0.09 
9 0.5565041900150755 0.5723347040781734 0.09 0.09 
9 0.5565041900150755 0.6199425217195349 0.09 0.09 
9 0.591526032877686 0.6932695052131257 0.09 0.09 
9 0.5034242094264312 0.7178942384758988 0.09 0.09 
9 0.5488431618888794 0.492441125047843 0.09 0.09 
9 0.5630707855518149 0.43553063039610074 0.09 0.09 
9 0.4640246362059942 0.45468320071159085 0.09 0.09 
9 0.31846510180826887 0.4628914451325153 0.09 0.09 
