9 0.45452444736042835 0.42097008518435197 0.09 0.09 
9 0.5038767003524679 0.5007737283204158 0.09 0.09 
9 0.5710797682565215 0.4787227216643981 0.09 0.09 
9 0.6298824526725687 0.44092099596836787 0.09 0.09 
9 0.6172818774405585 0.3579672090243015 0.09 0.09 
9 0.6960354726406215 0.3632174487043057 0.09 0.09 
9 0.7642885884806762 0.4199200372483511 0.09 0.09 
9 0.71913652723264 0.4839729613444023 0.09 0.09 
9 0.41777276960039894 0.51862454323243 0.09 0.09 
9 0.36054515708835316 0.7816615512006405 0.09 0.09 
9 0.3579200372483511 0.8882414167047257 0.09 0.09 
9 0.2718161064962822 0.8535898348166979 0.09 0.09 
