9 0.30053522791451537 0.36978962168126045 0.09 0.09 
9 0.3897314839552268 0.4650052569639831 0.09 0.09 
9 0.4225644616389243 0.5755429484990978 0.09 0.09 
9 0.32023501452473385 0.6231507661404592 0.09 0.09 
9 0.2512857613889692 0.7090637244128009 0.09 0.09 
9 0.24143586808385992 0.5104242094264312 0.09 0.09 
9 0.5265355576372995 0.5788262462674676 0.09 0.09 
9 0.550065858310616 0.47649679915327714 0.09 0.09 
9 0.5976736759519774 0.41247249267006714 0.09 0.09 
9 0.6660757127930137 0.38730054311256573 0.09 0.09 
9 0.6595091172562743 0.2893488263562016 0.09 0.09 
9 0.7536303199495403 0.3566564306077814 0.09 0.09 
9 0.706022502308179 0.4650052569639831 0.09 0.09 
9 0.886603879568515 0.5087825605422464 0.09 0.09 
9 0.7859160813385094 0.6280757127930138 0.09 0.09 
9 0.8679985255477531 0.4080947623122408 0.09 0.09 
9 0.47728609111175335 0.49564936946876736 0.09 0.09 
9 0.2195472162947283 0.4080947623122408 0.09 0.09 
9 0.2195472162947283 0.5952427351093162 0.09 0.09 
9 0.3568985062715293 0.7134414547706271 0.09 0.09 
9 0.31421563528272267 0.5350489426892043 0.09 0.09 
