9 0.477246058178301 0.4302333311131171 0.09 0.09 
9 0.5864445004807205 0.5047196857962244 0.09 0.09 
9 0.6594845181796898 0.49170265293898235 0.09 0.09 
9 0.7433720632596942 0.5401549419076056 0.09 0.09 
9 0.5220825046865792 0.5857145569079528 0.09 0.09 
9 0.4555510034162309 0.5314769200027776 0.09 0.09 
9 0.3731097953203646 0.48447096801829237 0.09 0.09 
9 0.3383977077010525 0.5669121761141587 0.09 0.09 
9 0.229922433890702 0.6168108020669198 0.09 0.09 
9 0.4193925788127808 0.6081327801620918 0.09 0.09 
9 0.5763201415917545 0.35068479698552674 0.09 0.09 
9 0.5893371744489965 0.4352955105576001 0.09 0.09 
9 0.5336532005596832 0.36659450381104486 0.09 0.09 
