9 0.35714303793863517 0.3767980750017359 0.09 0.09 
9 0.44826226793932955 0.3796907489700119 0.09 0.09 
9 0.5270876335748509 0.40644798317656505 0.09 0.09 
9 0.6051898307183032 0.4512844296848432 0.09 0.09 
9 0.6485799402424434 0.5648218829396767 0.09 0.09 
9 0.5357656554796789 0.5098610775424325 0.09 0.09 
9 0.46272563778070963 0.45779294611346427 0.09 0.09 
9 0.44898543643139854 0.5228781103996746 0.09 0.09 
9 0.4084880008755344 0.6067656554796789 0.09 0.09 
9 0.48948287198726276 0.6277375417496801 0.09 0.09 
9 0.5726472485751981 0.6038729815114029 0.09 0.09 
