9 0.11557698914584376 0.30832548757387884 0.09 0.09 
9 0.19407999228977355 0.2621472504303907 0.09 0.09 
9 0.26950444629080417 0.21289046414400342 0.09 0.09 
9 0.39033750014959806 0.22520466071560025 0.09 0.09 
9 0.40957843229271806 0.3252575078598245 0.09 0.09 
9 0.3095255851484939 0.28292745714496037 0.09 0.09 
9 0.4265104525786637 0.4807242395762345 0.09 0.09 
9 0.3310754291487883 0.4891902497192073 0.09 0.09 
9 0.2594991615763817 0.4006819618608551 0.09 0.09 
9 0.16483377543223104 0.36296973486033984 0.09 0.09 
9 0.07247730114525484 0.39375522628933185 0.09 0.09 
9 0.1267367297888534 0.4995803530764921 0.09 0.09 
9 0.2510331514334089 0.5599968800058891 0.09 0.09 
9 0.34108071386321076 0.6131018527209005 0.09 0.09 
9 0.33261470372023794 0.665437188150187 0.09 0.09 
9 0.3210701444343659 0.7216207100080975 0.09 0.09 
9 0.4865421608651983 0.7577936624371632 0.09 0.09 
9 0.4265104525786637 0.8455323130097906 0.09 0.09 
9 0.573511174152101 0.8262913808666705 0.09 0.09 
9 0.5858253707236977 0.7447098285798416 0.09 0.09 
9 0.6550927264389299 0.855537597724213 0.09 0.09 
9 0.7197422584398133 0.6292642357211213 0.09 0.09 
9 0.5912128317237714 0.6446569814356173 0.09 0.09 
9 0.5758200860092754 0.5730807138632108 0.09 0.09 
9 0.6851085805821971 0.5576879681487146 0.09 0.09 
9 0.8959891968707929 0.7770345945802832 0.09 0.09 
9 0.8390360377271576 0.6592800898643885 0.09 0.09 
9 0.8359574885842583 0.5900127341491563 0.09 0.09 
9 0.5819771842950737 0.14362310842877124 0.09 0.09 
9 0.7659204955833014 0.19211025742943377 0.09 0.09 
9 0.678181845010674 0.16363367785761607 0.09 0.09 
9 0.6196894112955891 0.23290103357284828 0.09 0.09 
9 0.22640475829021522 0.49688662257645533 0.09 0.09 
9 0.8005541734409175 0.2621472504303907 0.09 0.09 
9 0.7197422584398133 0.24136704371582107 0.09 0.09 
9 0.8582769698702777 0.8824749027245811 0.09 0.09 
9 0.7613026718689525 0.5538397817200907 0.09 0.09 
9 0.9244657764426106 0.6485051678642414 0.09 0.09 
9 0.8120987327267896 0.4953473480050057 0.09 0.09 
9 0.7420617397258326 0.42915854143267274 0.09 0.09 
9 0.8398056750128824 0.33834134171714614 0.09 0.09 
