9 0.15768124028741792 0.266770358859162 0.09 0.09 
9 0.20385947743090602 0.19519409128675538 0.09 0.09 
9 0.25542517557446776 0.2806238300022084 0.09 0.09 
9 0.3077605110037543 0.20904756242980183 0.09 0.09 
9 0.2300271451455493 0.39606942286092867 0.09 0.09 
9 0.14536704371582107 0.45917968029036244 0.09 0.09 
9 0.1084244540010306 0.352200097574615 0.09 0.09 
9 0.31545688386100235 0.45841004300463767 0.09 0.09 
9 0.37317968029036247 0.41838890414694796 0.09 0.09 
9 0.4455255851484939 0.3591268331461382 0.09 0.09 
9 0.34470310071854476 0.34065553828874295 0.09 0.09 
9 0.46322724272016425 0.5946358425779277 0.09 0.09 
9 0.5432695204355437 0.5284470360055945 0.09 0.09 
9 0.5940655812933806 0.4684153277190601 0.09 0.09 
9 0.5794424728646094 0.3645142941462118 0.09 0.09 
9 0.7433752147239922 0.39837833471810313 0.09 0.09 
9 0.7641554214385619 0.4992008191480522 0.09 0.09 
9 0.6956577030090545 0.5846305578635052 0.09 0.09 
9 0.7418359401525425 0.6523586390072877 0.09 0.09 
9 0.7064326250092017 0.47149387686195926 0.09 0.09 
9 0.44475594786276906 0.4676456904333353 0.09 0.09 
9 0.6633329370086128 0.7354794658655663 0.09 0.09 
9 0.6671811234372368 0.6569764627216366 0.09 0.09 
9 0.6456312794369423 0.7862755267234033 0.09 0.09 
9 0.580981747436059 0.8609303434387091 0.09 0.09 
9 0.701814801294853 0.8363019502955155 0.09 0.09 
9 0.7780088925816083 0.7616471335802096 0.09 0.09 
9 0.814181845010674 0.6054107645780749 0.09 0.09 
