9 0.5062906592932334 0.6489764627216366 0.09 0.09 
9 0.4347143917208268 0.5781698324349548 0.09 0.09 
9 0.3585203004340714 0.620499883149819 0.09 0.09 
9 0.26616382614709516 0.6612906592932334 0.09 0.09 
9 0.29079221929028887 0.5427665172916138 0.09 0.09 
9 0.3623684868626954 0.4758080734335561 0.09 0.09 
9 0.44856786286387323 0.41654600243274637 0.09 0.09 
9 0.4516464120067724 0.49427936829095137 0.09 0.09 
9 0.5209137677220046 0.5427665172916138 0.09 0.09 
9 0.5978774962944848 0.3957657957181767 0.09 0.09 
9 0.5432332490080239 0.47042061243348254 0.09 0.09 
9 0.6809983231527634 0.4357869345758664 0.09 0.09 
9 0.6232755267234033 0.29879149771685165 0.09 0.09 
9 0.5440028862937487 0.2356812402874179 0.09 0.09 
9 0.5917203980086864 0.6320444424356909 0.09 0.09 
9 0.6756108621526898 0.5535414392917611 0.09 0.09 
9 0.6063435064374577 0.5119810258626218 0.09 0.09 
