9 0.3260905617186184 0.4320754291487883 0.09 0.09 
9 0.3253209244328936 0.39590247671972256 0.09 0.09 
9 0.41844703600559463 0.38050973100522656 0.09 0.09 
9 0.45231107657748587 0.2881532567182504 0.09 0.09 
9 0.479248381577854 0.4451592630061099 0.09 0.09 
9 0.556981747436059 0.41360413429139303 0.09 0.09 
9 0.5477461000073615 0.3181691108615176 0.09 0.09 
9 0.6401025742943376 0.37281335814797856 0.09 0.09 
9 0.7116788418667441 0.33279221929028885 0.09 0.09 
9 0.7001342825808722 0.2373571958604134 0.09 0.09 
9 0.6578042318660081 0.46440019514923 0.09 0.09 
9 0.5654477575790318 0.5167355305785165 0.09 0.09 
9 0.6277883777227408 0.5798457880079503 0.09 0.09 
9 0.5469764627216366 0.7499356281531314 0.09 0.09 
9 0.24143046028889018 0.650652418294632 0.09 0.09 
9 0.1329116030016931 0.7037573910096434 0.09 0.09 
9 0.21988061628859576 0.7776425704392245 0.09 0.09 
9 0.7316894112955891 0.662196977580504 0.09 0.09 
9 0.6216312794369423 0.7884174924393715 0.09 0.09 
