9 0.41993346343281995 0.22435719586041342 0.09 0.09 
9 0.4691902497192073 0.4221539782916875 0.09 0.09 
9 0.3776034127179559 0.43754672400618355 0.09 0.09 
9 0.28678621300242924 0.4575572934350284 0.09 0.09 
9 0.19519937600117782 0.466792940863726 0.09 0.09 
9 0.22059740643009626 0.5553012287220782 0.09 0.09 
9 0.4999757411481994 0.6037883777227407 0.09 0.09 
9 0.6785315914363534 0.6592022622949265 0.09 0.09 
9 0.6793012287220782 0.5583797778649774 0.09 0.09 
9 0.7624220555803569 0.6738253707236976 0.09 0.09 
9 0.8162966655810929 0.5776207100080974 0.09 0.09 
9 0.854778529867333 0.6684379097236242 0.09 0.09 
9 0.9378993567256118 0.6553540758663026 0.09 0.09 
9 0.28755585028815406 0.23667139243201024 0.09 0.09 
9 0.4191638261470952 0.618411486151512 0.09 0.09 
9 0.361441029717735 0.3136351210044904 0.09 0.09 
9 0.23829906400176673 0.377515015719649 0.09 0.09 
