9 0.658981747436059 0.21379149771685166 0.09 0.09 
9 0.7328669268656399 0.26304828400323904 0.09 0.09 
9 0.7736577030090545 0.3430905617186184 0.09 0.09 
9 0.7036207100080974 0.39773480900507935 0.09 0.09 
9 0.6813012287220782 0.3707975040047113 0.09 0.09 
9 0.6489764627216366 0.45545760543443947 0.09 0.09 
9 0.6058767747210477 0.33616382614709517 0.09 0.09 
9 0.4734991615763817 0.24149844000294454 0.09 0.09 
9 0.5450754291487884 0.2676661077175878 0.09 0.09 
9 0.3973050702896263 0.3107657957181767 0.09 0.09 
9 0.49043118186232737 0.414666829291025 0.09 0.09 
9 0.5750912832920555 0.44699159529146665 0.09 0.09 
9 0.7182438184368688 0.5147196764352493 0.09 0.09 
9 0.8044431944380466 0.5539711780072141 0.09 0.09 
9 0.8244537638668914 0.45699688000588906 0.09 0.09 
9 0.7351758387228144 0.6270867201510703 0.09 0.09 
9 0.6689870321504814 0.7802445400103059 0.09 0.09 
9 0.6805315914363534 0.6863487911518801 0.09 0.09 
9 0.49197045643377696 0.5724424728646094 0.09 0.09 
9 0.2757023791451076 0.6547936624371632 0.09 0.09 
9 0.188733365858205 0.6432491031512911 0.09 0.09 
9 0.16025678628638731 0.717903919866597 0.09 0.09 
9 0.13178020671456966 0.6101546998651247 0.09 0.09 
9 0.22259740643009626 0.44083449700566824 0.09 0.09 
9 0.22336704371582106 0.5447355305785165 0.09 0.09 
9 0.3041789587169253 0.44006485971994347 0.09 0.09 
9 0.37652486357505666 0.8010247467248756 0.09 0.09 
9 0.5004364665767498 0.7402234011526162 0.09 0.09 
9 0.32111097900287094 0.5709031982931598 0.09 0.09 
9 0.49735791743385055 0.33693346343281994 0.09 0.09 
9 0.5866358425779277 0.20763439943105325 0.09 0.09 
9 0.7128563574367951 0.16145616228756515 0.09 0.09 
9 0.6674477575790317 0.29845159914657987 0.09 0.09 
9 0.6482068254359118 0.5901441304362799 0.09 0.09 
9 0.6043375001495981 0.5331909712926445 0.09 0.09 
9 0.5219863105770443 0.5047143917208268 0.09 0.09 
9 0.44887076843318807 0.523185686578222 0.09 0.09 
9 0.3872997855752039 0.5008662052922028 0.09 0.09 
9 0.1117696372857248 0.6771131437231824 0.09 0.09 
9 0.25800072157343723 0.7509983231527634 0.09 0.09 
9 0.29263439943105324 0.7902498247247284 0.09 0.09 
9 0.36498030428918465 0.7117468215807985 0.09 0.09 
