9 0.16900072157343718 0.260126111572701 0.09 0.09 
9 0.24057698914584374 0.2886026911445187 0.09 0.09 
9 0.33293346343282 0.3478647621453284 0.09 0.09 
9 0.2929123245751303 0.43483377543223106 0.09 0.09 
9 0.47916454772053235 0.3694146061456229 0.09 0.09 
9 0.5884530422934543 0.3478647621453284 0.09 0.09 
9 0.6646471335802095 0.31169180971626276 0.09 0.09 
9 0.6446365641513647 0.4240588534320838 0.09 0.09 
9 0.721600292723845 0.35633077228830135 0.09 0.09 
9 0.7824016382961043 0.4371426872894055 0.09 0.09 
9 0.8624439160114836 0.43483377543223106 0.09 0.09 
9 0.9109310650121463 0.6741909712926445 0.09 0.09 
9 0.7670088925816083 0.7069005559359486 0.09 0.09 
9 0.7423804994384147 0.6310912832920555 0.09 0.09 
9 0.7847105501532787 0.5472008191480522 0.09 0.09 
9 0.6038457880079503 0.5179546022905097 0.09 0.09 
9 0.5253427848640204 0.5618239275768234 0.09 0.09 
9 0.499944754435102 0.6341698324349547 0.09 0.09 
9 0.40604900557667617 0.6072325274345867 0.09 0.09 
9 0.3106139821468007 0.6280127341491564 0.09 0.09 
9 0.23211097900287092 0.688044442435691 0.09 0.09 
9 0.16053471143046433 0.6403269307207531 0.09 0.09 
9 0.3413994735757928 0.5079493175760873 0.09 0.09 
9 0.5753692084361326 0.6872748051499662 0.09 0.09 
9 0.09665481671530579 0.6187770867204588 0.09 0.09 
9 0.19593802657380524 0.5664417512911721 0.09 0.09 
9 0.13128849457292188 0.5548971920053002 0.09 0.09 
9 0.2836766771464327 0.5302687988621064 0.09 0.09 
9 0.04739803042891846 0.3824984400029446 0.09 0.09 
9 0.13205813185864668 0.3540218604311269 0.09 0.09 
9 0.2267235180027973 0.38711626371729335 0.09 0.09 
9 0.07741388457218573 0.29168124028741793 0.09 0.09 
9 0.3983526327194281 0.3748020671456965 0.09 0.09 
9 0.44914869357726506 0.4456086974323783 0.09 0.09 
9 0.9024650548691734 0.582604134291393 0.09 0.09 
9 0.810878217867922 0.6418662052922027 0.09 0.09 
9 0.8585957295828597 0.524881337862033 0.09 0.09 
9 0.690814801294853 0.4987136701473896 0.09 0.09 
9 0.7423804994384147 0.5202635141476841 0.09 0.09 
9 0.4637718020060363 0.5433526327194281 0.09 0.09 
9 0.3714153277190601 0.5725988495769707 0.09 0.09 
