10 0.06551869504032755 0.16420306790405373 0.08 0.08 
10 0.21357545401644598 0.25870738214412936 0.08 0.08 
10 0.2408767003524679 0.4676669214082965 0.08 0.08 
10 0.32908072697653834 0.5138690305923335 0.08 0.08 
10 0.4130845618566055 0.5443204207363579 0.08 0.08 
10 0.389983507264587 0.4519162023682839 0.08 0.08 
10 0.47608743801665593 0.4792174487043057 0.08 0.08 
10 0.5233395951366938 0.4004638535042427 0.08 0.08 
10 0.41098446598460386 0.6703261730564586 0.08 0.08 
10 0.7091980798088425 0.3553117922562066 0.08 0.08 
10 0.7869016270729046 0.3710625112962192 0.08 0.08 
10 0.7322991344008608 0.43511543539227043 0.08 0.08 
10 0.6902972169608272 0.5212193661443394 0.08 0.08 
10 0.6388448680967862 0.5831721943683889 0.08 0.08 
10 0.6881971210888257 0.6430249267204368 0.08 0.08 
10 0.6923973128328289 0.7249286657285022 0.08 0.08 
10 0.8887562768649861 0.3973137096962402 0.08 0.08 
10 0.8509545511689557 0.4655668255362948 0.08 0.08 
10 0.9486090092170338 0.43511543539227043 0.08 0.08 
